{
 "cells": [
  {
   "cell_type": "code",
   "execution_count": 2,
   "id": "48f1fc2a",
   "metadata": {
    "scrolled": false
   },
   "outputs": [
    {
     "data": {
      "text/markdown": [
       "$P^{-1}$ = $\\left[\\begin{smallmatrix}1 & 0 & 0 & 0 & 0 & 0 & 0 & 0 & 0 & 0 & 0 & 0 & 0 & 0 & 0\\\\-1 & 1 & 0 & 0 & 0 & 0 & 0 & 0 & 0 & 0 & 0 & 0 & 0 & 0 & 0\\\\1 & -2 & 1 & 0 & 0 & 0 & 0 & 0 & 0 & 0 & 0 & 0 & 0 & 0 & 0\\\\-1 & 3 & -3 & 1 & 0 & 0 & 0 & 0 & 0 & 0 & 0 & 0 & 0 & 0 & 0\\\\1 & -4 & 6 & -4 & 1 & 0 & 0 & 0 & 0 & 0 & 0 & 0 & 0 & 0 & 0\\\\-1 & 5 & -10 & 10 & -5 & 1 & 0 & 0 & 0 & 0 & 0 & 0 & 0 & 0 & 0\\\\1 & -6 & 15 & -20 & 15 & -6 & 1 & 0 & 0 & 0 & 0 & 0 & 0 & 0 & 0\\\\-1 & 7 & -21 & 35 & -35 & 21 & -7 & 1 & 0 & 0 & 0 & 0 & 0 & 0 & 0\\\\1 & -8 & 28 & -56 & 70 & -56 & 28 & -8 & 1 & 0 & 0 & 0 & 0 & 0 & 0\\\\-1 & 9 & -36 & 84 & -126 & 126 & -84 & 36 & -9 & 1 & 0 & 0 & 0 & 0 & 0\\\\1 & -10 & 45 & -120 & 210 & -252 & 210 & -120 & 45 & -10 & 1 & 0 & 0 & 0 & 0\\\\-1 & 11 & -55 & 165 & -330 & 462 & -462 & 330 & -165 & 55 & -11 & 1 & 0 & 0 & 0\\\\1 & -12 & 66 & -220 & 495 & -792 & 924 & -792 & 495 & -220 & 66 & -12 & 1 & 0 & 0\\\\-1 & 13 & -78 & 286 & -715 & 1287 & -1716 & 1716 & -1287 & 715 & -286 & 78 & -13 & 1 & 0\\\\1 & -14 & 91 & -364 & 1001 & -2002 & 3003 & -3432 & 3003 & -2002 & 1001 & -364 & 91 & -14 & 1\\end{smallmatrix}\\right]$"
      ],
      "text/plain": [
       "<IPython.core.display.Markdown object>"
      ]
     },
     "metadata": {},
     "output_type": "display_data"
    },
    {
     "data": {
      "text/markdown": [
       "\n",
       "\n",
       "$P^{T}$ = $\\left[\\begin{smallmatrix}1 & 1 & 1 & 1 & 1 & 1 & 1 & 1 & 1 & 1 & 1 & 1 & 1 & 1 & 1\\\\0 & 1 & 2 & 3 & 4 & 5 & 6 & 7 & 8 & 9 & 10 & 11 & 12 & 13 & 14\\\\0 & 0 & 1 & 3 & 6 & 10 & 15 & 21 & 28 & 36 & 45 & 55 & 66 & 78 & 91\\\\0 & 0 & 0 & 1 & 4 & 10 & 20 & 35 & 56 & 84 & 120 & 165 & 220 & 286 & 364\\\\0 & 0 & 0 & 0 & 1 & 5 & 15 & 35 & 70 & 126 & 210 & 330 & 495 & 715 & 1001\\\\0 & 0 & 0 & 0 & 0 & 1 & 6 & 21 & 56 & 126 & 252 & 462 & 792 & 1287 & 2002\\\\0 & 0 & 0 & 0 & 0 & 0 & 1 & 7 & 28 & 84 & 210 & 462 & 924 & 1716 & 3003\\\\0 & 0 & 0 & 0 & 0 & 0 & 0 & 1 & 8 & 36 & 120 & 330 & 792 & 1716 & 3432\\\\0 & 0 & 0 & 0 & 0 & 0 & 0 & 0 & 1 & 9 & 45 & 165 & 495 & 1287 & 3003\\\\0 & 0 & 0 & 0 & 0 & 0 & 0 & 0 & 0 & 1 & 10 & 55 & 220 & 715 & 2002\\\\0 & 0 & 0 & 0 & 0 & 0 & 0 & 0 & 0 & 0 & 1 & 11 & 66 & 286 & 1001\\\\0 & 0 & 0 & 0 & 0 & 0 & 0 & 0 & 0 & 0 & 0 & 1 & 12 & 78 & 364\\\\0 & 0 & 0 & 0 & 0 & 0 & 0 & 0 & 0 & 0 & 0 & 0 & 1 & 13 & 91\\\\0 & 0 & 0 & 0 & 0 & 0 & 0 & 0 & 0 & 0 & 0 & 0 & 0 & 1 & 14\\\\0 & 0 & 0 & 0 & 0 & 0 & 0 & 0 & 0 & 0 & 0 & 0 & 0 & 0 & 1\\end{smallmatrix}\\right]$"
      ],
      "text/plain": [
       "<IPython.core.display.Markdown object>"
      ]
     },
     "metadata": {},
     "output_type": "display_data"
    },
    {
     "data": {
      "text/markdown": [
       "\n",
       "\n",
       "\n",
       "\n",
       "\n",
       "\n",
       "\n",
       "\n",
       "\n",
       "\n",
       "\n",
       "\n",
       "\n",
       "\n",
       "\n",
       "\n",
       "\n",
       "\n",
       "____________________________\n",
       "Trial number 1:"
      ],
      "text/plain": [
       "<IPython.core.display.Markdown object>"
      ]
     },
     "metadata": {},
     "output_type": "display_data"
    },
    {
     "data": {
      "text/markdown": [
       "Computing for s = $1 + 2 q + 6 q^{2} + 2 q^{3} + 2 q^{4} + 8 q^{5} - 6 q^{7} - 6 q^{10} + O\\left(q^{15}\\right)$"
      ],
      "text/plain": [
       "<IPython.core.display.Markdown object>"
      ]
     },
     "metadata": {},
     "output_type": "display_data"
    },
    {
     "data": {
      "text/markdown": [
       "$M$ = $\\left[\\begin{smallmatrix}1 & 0 & 0 & 0 & 0 & 0 & 0 & 0 & 0 & 0 & 0 & 0 & 0 & 0 & 0\\\\1 & 2 & 6 & 2 & 2 & 8 & 0 & -6 & 0 & 0 & -6 & 0 & 0 & 0 & 0\\\\1 & 4 & 16 & 28 & 48 & 48 & 60 & 92 & 12 & -40 & 28 & -48 & -168 & -24 & 12\\\\1 & 6 & 30 & 86 & 210 & 360 & 564 & 774 & 948 & 1040 & 534 & 144 & 200 & -1104 & -2244\\\\1 & 8 & 48 & 184 & 576 & 1376 & 2824 & 4888 & 7672 & 10928 & 13336 & 14112 & 11520 & 6992 & 520\\\\1 & 10 & 70 & 330 & 1250 & 3752 & 9560 & 20690 & 39720 & 68320 & 106546 & 150560 & 187520 & 206560 & 193160\\\\1 & 12 & 96 & 532 & 2352 & 8400 & 25444 & 66036 & 151044 & 308104 & 570036 & 963312 & 1486584 & 2093112 & 2660532\\\\1 & 14 & 126 & 798 & 4018 & 16520 & 57708 & 173854 & 461468 & 1092336 & 2339470 & 4575536 & 8229032 & 13654928 & 20887460\\\\1 & 16 & 160 & 1136 & 6400 & 29632 & 116816 & 399024 & 1202800 & 3238240 & 7883440 & 17516608 & 35815488 & 67770528 & 119072976\\\\1 & 18 & 198 & 1554 & 9666 & 49608 & 217200 & 826794 & 2782800 & 8381120 & 22838634 & 56812608 & 130044864 & 275659200 & 543780432\\\\1 & 20 & 240 & 2060 & 14000 & 78704 & 378060 & 1582860 & 5870460 & 19517240 & 58773196 & 161675280 & 409345240 & 960013960 & 2096700700\\\\1 & 22 & 286 & 2662 & 19602 & 119592 & 624228 & 2845238 & 11506308 & 41779408 & 137569542 & 414172112 & 1148299592 & 2950019952 & 7060253772\\\\1 & 24 & 336 & 3368 & 26688 & 175392 & 987096 & 4858056 & 21241704 & 83506192 & 298045896 & 973566816 & 2930675136 & 8178638832 & 21270620760\\\\1 & 26 & 390 & 4186 & 35490 & 249704 & 1505608 & 7947394 & 37311352 & 157674400 & 605581730 & 2130631776 & 6913390016 & 20808485024 & 58393915736\\\\1 & 28 & 448 & 5124 & 46256 & 346640 & 2227316 & 12539300 & 62843508 & 283773672 & 1165677156 & 4390190896 & 15260194040 & 49235000024 & 148177150788\\end{smallmatrix}\\right]$"
      ],
      "text/plain": [
       "<IPython.core.display.Markdown object>"
      ]
     },
     "metadata": {},
     "output_type": "display_data"
    },
    {
     "data": {
      "text/markdown": [
       "$P^-1 \\times M $ = $\\left[\\begin{smallmatrix}1 & 0 & 0 & 0 & 0 & 0 & 0 & 0 & 0 & 0 & 0 & 0 & 0 & 0 & 0\\\\0 & 2 & 6 & 2 & 2 & 8 & 0 & -6 & 0 & 0 & -6 & 0 & 0 & 0 & 0\\\\0 & 0 & 4 & 24 & 44 & 32 & 60 & 104 & 12 & -40 & 40 & -48 & -168 & -24 & 12\\\\0 & 0 & 0 & 8 & 72 & 240 & 384 & 480 & 912 & 1160 & 432 & 288 & 704 & -1032 & -2280\\\\0 & 0 & 0 & 0 & 16 & 192 & 928 & 2368 & 3952 & 6528 & 11392 & 13248 & 9712 & 11264 & 9568\\\\0 & 0 & 0 & 0 & 0 & 32 & 480 & 3040 & 10720 & 24480 & 44896 & 81920 & 133600 & 160800 & 168000\\\\0 & 0 & 0 & 0 & 0 & 0 & 64 & 1152 & 9024 & 40704 & 120576 & 268032 & 527744 & 980352 & 1554432\\\\0 & 0 & 0 & 0 & 0 & 0 & 0 & 128 & 2688 & 25088 & 137984 & 506240 & 1368192 & 3058048 & 6223104\\\\0 & 0 & 0 & 0 & 0 & 0 & 0 & 0 & 256 & 6144 & 66560 & 432128 & 1896960 & 6121472 & 15813632\\\\0 & 0 & 0 & 0 & 0 & 0 & 0 & 0 & 0 & 512 & 13824 & 170496 & 1276416 & 6534144 & 24671232\\\\0 & 0 & 0 & 0 & 0 & 0 & 0 & 0 & 0 & 0 & 1024 & 30720 & 424960 & 3604480 & 21099520\\\\0 & 0 & 0 & 0 & 0 & 0 & 0 & 0 & 0 & 0 & 0 & 2048 & 67584 & 1036288 & 9822208\\\\0 & 0 & 0 & 0 & 0 & 0 & 0 & 0 & 0 & 0 & 0 & 0 & 4096 & 147456 & 2482176\\\\0 & 0 & 0 & 0 & 0 & 0 & 0 & 0 & 0 & 0 & 0 & 0 & 0 & 8192 & 319488\\\\0 & 0 & 0 & 0 & 0 & 0 & 0 & 0 & 0 & 0 & 0 & 0 & 0 & 0 & 16384\\end{smallmatrix}\\right]$"
      ],
      "text/plain": [
       "<IPython.core.display.Markdown object>"
      ]
     },
     "metadata": {},
     "output_type": "display_data"
    },
    {
     "data": {
      "text/markdown": [
       "$(P^-1 \\times M)^-1 $ = $\\left[\\begin{smallmatrix}1 & 0 & 0 & 0 & 0 & 0 & 0 & 0 & 0 & 0 & 0 & 0 & 0 & 0 & 0\\\\0 & 1 / 2 & - 3 / 4 & 17 / 8 & - 121 / 16 & 481 / 16 & - 8183 / 64 & 72873 / 128 & - 335421 / 128 & 6332431 / 512 & - 30480729 / 512 & 298110011 / 1024 & - 5907473923 / 4096 & 29586171699 / 4096 & - 299098505423 / 8192\\\\0 & 0 & 1 / 4 & - 3 / 4 & 43 / 16 & - 43 / 4 & 2939 / 64 & - 6563 / 32 & 242193 / 256 & - 572487 / 128 & 11036663 / 512 & - 13506593 / 128 & 2143024351 / 4096 & - 10740372689 / 4096 & 217286755463 / 16384\\\\0 & 0 & 0 & 1 / 8 & - 9 / 16 & 39 / 16 & - 87 / 8 & 3195 / 64 & - 60075 / 256 & 575873 / 512 & - 5609307 / 1024 & 55370235 / 2048 & - 276367379 / 2048 & 5570707545 / 8192 & - 56608439115 / 16384\\\\0 & 0 & 0 & 0 & 1 / 16 & - 3 / 8 & 61 / 32 & - 301 / 32 & 11855 / 256 & - 29339 / 128 & 292625 / 256 & - 2941479 / 512 & 119153723 / 4096 & - 151870557 / 1024 & 1558235347 / 2048\\\\0 & 0 & 0 & 0 & 0 & 1 / 32 & - 15 / 64 & 175 / 128 & - 1895 / 256 & 19955 / 512 & - 103939 / 512 & 539555 / 512 & - 22408815 / 4096 & 116539965 / 4096 & - 303814385 / 2048\\\\0 & 0 & 0 & 0 & 0 & 0 & 1 / 64 & - 9 / 64 & 237 / 256 & - 699 / 128 & 981 / 32 & - 171873 / 1024 & 232147 / 256 & - 9962727 / 2048 & 106500171 / 4096\\\\0 & 0 & 0 & 0 & 0 & 0 & 0 & 1 / 128 & - 21 / 256 & 77 / 128 & - 1967 / 512 & 46949 / 2048 & - 269815 / 2048 & 6065731 / 8192 & - 67247757 / 16384\\\\0 & 0 & 0 & 0 & 0 & 0 & 0 & 0 & 1 / 256 & - 3 / 64 & 97 / 256 & - 667 / 256 & 33745 / 2048 & - 50813 / 512 & 2374945 / 4096\\\\0 & 0 & 0 & 0 & 0 & 0 & 0 & 0 & 0 & 1 / 512 & - 27 / 1024 & 477 / 2048 & - 7029 / 4096 & 11745 / 1024 & - 1184409 / 16384\\\\0 & 0 & 0 & 0 & 0 & 0 & 0 & 0 & 0 & 0 & 1 / 1024 & - 15 / 1024 & 575 / 4096 & - 565 / 512 & 127385 / 16384\\\\0 & 0 & 0 & 0 & 0 & 0 & 0 & 0 & 0 & 0 & 0 & 1 / 2048 & - 33 / 4096 & 341 / 4096 & - 2849 / 4096\\\\0 & 0 & 0 & 0 & 0 & 0 & 0 & 0 & 0 & 0 & 0 & 0 & 1 / 4096 & - 9 / 2048 & 399 / 8192\\\\0 & 0 & 0 & 0 & 0 & 0 & 0 & 0 & 0 & 0 & 0 & 0 & 0 & 1 / 8192 & - 39 / 16384\\\\0 & 0 & 0 & 0 & 0 & 0 & 0 & 0 & 0 & 0 & 0 & 0 & 0 & 0 & 1 / 16384\\end{smallmatrix}\\right]$"
      ],
      "text/plain": [
       "<IPython.core.display.Markdown object>"
      ]
     },
     "metadata": {},
     "output_type": "display_data"
    },
    {
     "data": {
      "text/markdown": [
       "$P^-1 \\times M \\times P^T $ = $\\left[\\begin{smallmatrix}1 & 1 & 1 & 1 & 1 & 1 & 1 & 1 & 1 & 1 & 1 & 1 & 1 & 1 & 1\\\\0 & 2 & 10 & 26 & 54 & 108 & 220 & 442 & 836 & 1446 & 2240 & 2992 & 3038 & 780 & -7278\\\\0 & 0 & 4 & 36 & 164 & 532 & 1452 & 3660 & 8852 & 20588 & 45624 & 95696 & 189512 & 353576 & 617228\\\\0 & 0 & 0 & 8 & 104 & 680 & 3064 & 11008 & 34432 & 98888 & 267872 & 691088 & 1701768 & 4002552 & 9001632\\\\0 & 0 & 0 & 0 & 16 & 272 & 2320 & 13456 & 60752 & 231504 & 785296 & 2453840 & 7205872 & 20097200 & 53527792\\\\0 & 0 & 0 & 0 & 0 & 32 & 672 & 7072 & 50272 & 274752 & 1245760 & 4930720 & 17648320 & 58508960 & 182476480\\\\0 & 0 & 0 & 0 & 0 & 0 & 64 & 1600 & 20032 & 168768 & 1085376 & 5731776 & 26095424 & 106036160 & 394298624\\\\0 & 0 & 0 & 0 & 0 & 0 & 0 & 128 & 3712 & 53888 & 525184 & 3889664 & 23501312 & 121411712 & 554672128\\\\0 & 0 & 0 & 0 & 0 & 0 & 0 & 0 & 256 & 8448 & 139520 & 1544448 & 12953856 & 88246528 & 511127808\\\\0 & 0 & 0 & 0 & 0 & 0 & 0 & 0 & 0 & 512 & 18944 & 350720 & 4347392 & 40745984 & 309226496\\\\0 & 0 & 0 & 0 & 0 & 0 & 0 & 0 & 0 & 0 & 1024 & 41984 & 861184 & 11817984 & 122440704\\\\0 & 0 & 0 & 0 & 0 & 0 & 0 & 0 & 0 & 0 & 0 & 2048 & 92160 & 2074624 & 31225856\\\\0 & 0 & 0 & 0 & 0 & 0 & 0 & 0 & 0 & 0 & 0 & 0 & 4096 & 200704 & 4919296\\\\0 & 0 & 0 & 0 & 0 & 0 & 0 & 0 & 0 & 0 & 0 & 0 & 0 & 8192 & 434176\\\\0 & 0 & 0 & 0 & 0 & 0 & 0 & 0 & 0 & 0 & 0 & 0 & 0 & 0 & 16384\\end{smallmatrix}\\right]$"
      ],
      "text/plain": [
       "<IPython.core.display.Markdown object>"
      ]
     },
     "metadata": {},
     "output_type": "display_data"
    },
    {
     "data": {
      "text/markdown": [
       "$(P^-1 \\times M \\times P^T )^-1$ = $\\left[\\begin{smallmatrix}1 & - 1 / 2 & 1 & -3 & 87 / 8 & - 1397 / 32 & 2989 / 16 & - 106913 / 128 & 987119 / 256 & - 2334673 / 128 & 90058211 / 1024 & - 220504105 / 512 & 1093640585 / 512 & - 87718674073 / 8192 & 887492675529 / 16384\\\\0 & 1 / 2 & - 5 / 4 & 4 & - 119 / 8 & 1937 / 32 & - 8359 / 32 & 150353 / 128 & - 1393925 / 256 & 6614139 / 256 & - 31969167 / 256 & 627417439 / 1024 & - 6233529347 / 2048 & 125160227879 / 8192 & - 79232921953 / 1024\\\\0 & 0 & 1 / 4 & - 9 / 8 & 19 / 4 & - 165 / 8 & 1481 / 16 & - 54687 / 128 & 258261 / 128 & - 4970369 / 512 & 24284201 / 512 & - 480703993 / 2048 & 4809457143 / 4096 & - 3035324473 / 512 & 494329780891 / 16384\\\\0 & 0 & 0 & 1 / 8 & - 13 / 16 & 17 / 4 & - 677 / 32 & 13351 / 128 & - 16497 / 32 & 1312975 / 512 & - 13159733 / 1024 & 132876883 / 2048 & - 1351056431 / 4096 & 6912655019 / 4096 & - 17787454731 / 2048\\\\0 & 0 & 0 & 0 & 1 / 16 & - 17 / 32 & 53 / 16 & - 149 / 8 & 12845 / 128 & - 271657 / 512 & 178077 / 64 & - 29796673 / 2048 & 311542217 / 4096 & - 1630659913 / 4096 & 34207295491 / 16384\\\\0 & 0 & 0 & 0 & 0 & 1 / 32 & - 21 / 64 & 19 / 8 & - 1907 / 128 & 44669 / 512 & - 252113 / 512 & 5573565 / 2048 & - 60853189 / 4096 & 164889025 / 2048 & - 3558997739 / 8192\\\\0 & 0 & 0 & 0 & 0 & 0 & 1 / 64 & - 25 / 128 & 103 / 64 & - 1427 / 128 & 4517 / 64 & - 868627 / 2048 & 5054419 / 2048 & - 115216353 / 8192 & 323760565 / 4096\\\\0 & 0 & 0 & 0 & 0 & 0 & 0 & 1 / 128 & - 29 / 256 & 67 / 64 & - 4065 / 512 & 110739 / 2048 & - 353319 / 1024 & 17292443 / 8192 & - 205633973 / 16384\\\\0 & 0 & 0 & 0 & 0 & 0 & 0 & 0 & 1 / 256 & - 33 / 512 & 169 / 256 & - 1393 / 256 & 81283 / 2048 & - 2197085 / 8192 & 7055083 / 4096\\\\0 & 0 & 0 & 0 & 0 & 0 & 0 & 0 & 0 & 1 / 512 & - 37 / 1024 & 13 / 32 & - 7407 / 2048 & 230505 / 8192 & - 1645243 / 8192\\\\0 & 0 & 0 & 0 & 0 & 0 & 0 & 0 & 0 & 0 & 1 / 1024 & - 41 / 2048 & 251 / 1024 & - 4801 / 2048 & 79391 / 4096\\\\0 & 0 & 0 & 0 & 0 & 0 & 0 & 0 & 0 & 0 & 0 & 1 / 2048 & - 45 / 4096 & 149 / 1024 & - 12189 / 8192\\\\0 & 0 & 0 & 0 & 0 & 0 & 0 & 0 & 0 & 0 & 0 & 0 & 1 / 4096 & - 49 / 8192 & 349 / 4096\\\\0 & 0 & 0 & 0 & 0 & 0 & 0 & 0 & 0 & 0 & 0 & 0 & 0 & 1 / 8192 & - 53 / 16384\\\\0 & 0 & 0 & 0 & 0 & 0 & 0 & 0 & 0 & 0 & 0 & 0 & 0 & 0 & 1 / 16384\\end{smallmatrix}\\right]$"
      ],
      "text/plain": [
       "<IPython.core.display.Markdown object>"
      ]
     },
     "metadata": {},
     "output_type": "display_data"
    },
    {
     "data": {
      "text/markdown": [
       "\n",
       "\n",
       "\n",
       "\n",
       "\n",
       "\n",
       "\n",
       "\n",
       "\n",
       "\n",
       "\n",
       "\n",
       "\n",
       "\n",
       "\n",
       "\n",
       "\n",
       "\n",
       "____________________________\n",
       "Trial number 2:"
      ],
      "text/plain": [
       "<IPython.core.display.Markdown object>"
      ]
     },
     "metadata": {},
     "output_type": "display_data"
    },
    {
     "data": {
      "text/markdown": [
       "Computing for s = $1 + 4 q - 9 q^{2} - 6 q^{3} + 6 q^{4} - 8 q^{6} + 4 q^{12} + 4 q^{13} + O\\left(q^{15}\\right)$"
      ],
      "text/plain": [
       "<IPython.core.display.Markdown object>"
      ]
     },
     "metadata": {},
     "output_type": "display_data"
    },
    {
     "data": {
      "text/markdown": [
       "$M$ = $\\left[\\begin{smallmatrix}1 & 0 & 0 & 0 & 0 & 0 & 0 & 0 & 0 & 0 & 0 & 0 & 0 & 0 & 0\\\\1 & 4 & -9 & -6 & 6 & 0 & -8 & 0 & 0 & 0 & 0 & 0 & 4 & 4 & 0\\\\1 & 8 & -2 & -84 & 45 & 156 & -88 & -136 & 180 & 96 & -96 & 0 & 72 & 40 & -40\\\\1 & 12 & 21 & -170 & -315 & 1152 & 615 & -2730 & -222 & 4176 & -1404 & -4392 & 2148 & 2604 & -2520\\\\1 & 16 & 60 & -200 & -1250 & 1368 & 9196 & -9864 & -25647 & 32440 & 39888 & -71856 & -34088 & 106096 & 8400\\\\1 & 20 & 115 & -110 & -2680 & -2096 & 27470 & 20780 & -164055 & -26740 & 524831 & -120510 & -1102590 & 650740 & 1615520\\\\1 & 24 & 186 & 164 & -4269 & -12396 & 44548 & 164784 & -332589 & -1046496 & 1955946 & 3345252 & -7351755 & -6150612 & 19326816\\\\1 & 28 & 273 & 686 & -5425 & -31920 & 33509 & 480946 & -27111 & -4202884 & 75999 & 23670906 & -7647199 & -84997724 & 55215879\\\\1 & 32 & 376 & 1520 & -5300 & -61264 & -47832 & 938704 & 1751878 & -9037904 & -19132760 & 65104560 & 111139004 & -358145424 & -357301576\\\\1 & 36 & 495 & 2730 & -2790 & -98208 & -252060 & 1339416 & 6269958 & -10571480 & -76928094 & 65525724 & 608873436 & -446470812 & -3309571620\\\\1 & 40 & 630 & 4380 & 3465 & -136692 & -633200 & 1247880 & 14464710 & 3354880 & -185170172 & -175840920 & 1666394290 & 1786715920 & -11480196240\\\\1 & 44 & 781 & 6534 & 15081 & -165792 & -1233661 & -49522 & 25990932 & 52926808 & -313247242 & -1024922972 & 2701286742 & 11156028796 & -19502571682\\\\1 & 48 & 948 & 9256 & 33930 & -168696 & -2067084 & -3543672 & 37974783 & 163691176 & -342683880 & -2909169600 & 1269074068 & 33382923168 & 4872093048\\\\1 & 52 & 1131 & 12610 & 62140 & -121680 & -3097094 & -10442172 & 43612023 & 358799636 & -21104135 & -6000886866 & -8021211094 & 67708345748 & 142077239148\\\\1 & 56 & 1330 & 16660 & 102095 & 6916 & -4211956 & -22033024 & 30811053 & 644978880 & 1065159550 & -9637851860 & -33701170265 & 91994443380 & 520631326920\\end{smallmatrix}\\right]$"
      ],
      "text/plain": [
       "<IPython.core.display.Markdown object>"
      ]
     },
     "metadata": {},
     "output_type": "display_data"
    },
    {
     "data": {
      "text/markdown": [
       "$P^-1 \\times M $ = $\\left[\\begin{smallmatrix}1 & 0 & 0 & 0 & 0 & 0 & 0 & 0 & 0 & 0 & 0 & 0 & 0 & 0 & 0\\\\0 & 4 & -9 & -6 & 6 & 0 & -8 & 0 & 0 & 0 & 0 & 0 & 4 & 4 & 0\\\\0 & 0 & 16 & -72 & 33 & 156 & -72 & -136 & 180 & 96 & -96 & 0 & 64 & 32 & -40\\\\0 & 0 & 0 & 64 & -432 & 684 & 855 & -2322 & -762 & 3888 & -1116 & -4392 & 1944 & 2496 & -2400\\\\0 & 0 & 0 & 0 & 256 & -2304 & 6240 & 240 & -23679 & 16312 & 44928 & -54288 & -42264 & 95904 & 18240\\\\0 & 0 & 0 & 0 & 0 & 1024 & -11520 & 44160 & -39840 & -148140 & 312311 & 194850 & -911370 & 145920 & 1548720\\\\0 & 0 & 0 & 0 & 0 & 0 & 4096 & -55296 & 274176 & -481536 & -568080 & 3078312 & -1289439 & -8515116 & 9809496\\\\0 & 0 & 0 & 0 & 0 & 0 & 0 & 16384 & -258048 & 1569792 & -4037376 & 84672 & 21927472 & -31900932 & -46527273\\\\0 & 0 & 0 & 0 & 0 & 0 & 0 & 0 & 65536 & -1179648 & 8503296 & -28631040 & 25708032 & 120459776 & -347618880\\\\0 & 0 & 0 & 0 & 0 & 0 & 0 & 0 & 0 & 262144 & -5308416 & 44236800 & -183582720 & 302413824 & 472748544\\\\0 & 0 & 0 & 0 & 0 & 0 & 0 & 0 & 0 & 0 & 1048576 & -23592960 & 223150080 & -1099038720 & 2564628480\\\\0 & 0 & 0 & 0 & 0 & 0 & 0 & 0 & 0 & 0 & 0 & 4194304 & -103809024 & 1098645504 & -6256656384\\\\0 & 0 & 0 & 0 & 0 & 0 & 0 & 0 & 0 & 0 & 0 & 0 & 16777216 & -452984832 & 5303697408\\\\0 & 0 & 0 & 0 & 0 & 0 & 0 & 0 & 0 & 0 & 0 & 0 & 0 & 67108864 & -1962934272\\\\0 & 0 & 0 & 0 & 0 & 0 & 0 & 0 & 0 & 0 & 0 & 0 & 0 & 0 & 268435456\\end{smallmatrix}\\right]$"
      ],
      "text/plain": [
       "<IPython.core.display.Markdown object>"
      ]
     },
     "metadata": {},
     "output_type": "display_data"
    },
    {
     "data": {
      "text/markdown": [
       "$(P^-1 \\times M)^-1 $ = $\\left[\\begin{smallmatrix}1 & 0 & 0 & 0 & 0 & 0 & 0 & 0 & 0 & 0 & 0 & 0 & 0 & 0 & 0\\\\0 & 1 / 4 & 9 / 64 & 93 / 512 & 4629 / 16384 & 64611 / 131072 & 1931533 / 2097152 & 30242637 / 16777216 & 3917026701 / 1073741824 & 65040158631 / 8589934592 & 2203057308375 / 137438953472 & 37909188713931 / 1099511627776 & 2643595267340737 / 35184372088832 & 46593779730558671 / 281474976710656 & 1657736161515655893 / 4503599627370496\\\\0 & 0 & 1 / 16 & 9 / 128 & 453 / 4096 & 6303 / 32768 & 188181 / 524288 & 2943529 / 4194304 & 380974509 / 268435456 & 6322460547 / 2147483648 & 214065374655 / 34359738368 & 3682285109919 / 274877906944 & 256712337629969 / 8796093022208 & 4523541835520539 / 70368744177664 & 160909041433566973 / 1125899906842624\\\\0 & 0 & 0 & 1 / 64 & 27 / 1024 & 801 / 16384 & 6165 / 65536 & 393309 / 2097152 & 25792089 / 67108864 & 864341361 / 1073741824 & 921227967 / 536870912 & 510008598639 / 137438953472 & 17860058861931 / 2199023255552 & 631823515595277 / 35184372088832 & 5636639279600643 / 140737488355328\\\\0 & 0 & 0 & 0 & 1 / 256 & 9 / 1024 & 615 / 32768 & 2595 / 65536 & 1411749 / 16777216 & 12129575 / 67108864 & 842856201 / 2147483648 & 1848784761 / 2147483648 & 1047569465397 / 549755813888 & 9349384422321 / 2199023255552 & 672296769934743 / 70368744177664\\\\0 & 0 & 0 & 0 & 0 & 1 / 1024 & 45 / 16384 & 435 / 65536 & 63915 / 4194304 & 2310075 / 67108864 & 83155489 / 1073741824 & 187258905 / 1073741824 & 27070187235 / 68719476736 & 1964216620785 / 2199023255552 & 71555706360225 / 35184372088832\\\\0 & 0 & 0 & 0 & 0 & 0 & 1 / 4096 & 27 / 32768 & 2331 / 1048576 & 46287 / 8388608 & 3546477 / 268435456 & 66783435 / 2147483648 & 1247433291 / 17179869184 & 23218493715 / 137438953472 & 3453712444629 / 8796093022208\\\\0 & 0 & 0 & 0 & 0 & 0 & 0 & 1 / 16384 & 63 / 262144 & 3003 / 4194304 & 64113 / 33554432 & 5192397 / 1073741824 & 51083795 / 4294967296 & 1977699339 / 68719476736 & 37916558577 / 549755813888\\\\0 & 0 & 0 & 0 & 0 & 0 & 0 & 0 & 1 / 65536 & 9 / 131072 & 939 / 4194304 & 10725 / 16777216 & 3662919 / 2147483648 & 9400679 / 2147483648 & 753847209 / 68719476736\\\\0 & 0 & 0 & 0 & 0 & 0 & 0 & 0 & 0 & 1 / 262144 & 81 / 4194304 & 2295 / 33554432 & 223425 / 1073741824 & 2507841 / 4294967296 & 107306361 / 68719476736\\\\0 & 0 & 0 & 0 & 0 & 0 & 0 & 0 & 0 & 0 & 1 / 1048576 & 45 / 8388608 & 5505 / 268435456 & 142215 / 2147483648 & 3350025 / 17179869184\\\\0 & 0 & 0 & 0 & 0 & 0 & 0 & 0 & 0 & 0 & 0 & 1 / 4194304 & 99 / 67108864 & 6501 / 1073741824 & 22209 / 1073741824\\\\0 & 0 & 0 & 0 & 0 & 0 & 0 & 0 & 0 & 0 & 0 & 0 & 1 / 16777216 & 27 / 67108864 & 3789 / 2147483648\\\\0 & 0 & 0 & 0 & 0 & 0 & 0 & 0 & 0 & 0 & 0 & 0 & 0 & 1 / 67108864 & 117 / 1073741824\\\\0 & 0 & 0 & 0 & 0 & 0 & 0 & 0 & 0 & 0 & 0 & 0 & 0 & 0 & 1 / 268435456\\end{smallmatrix}\\right]$"
      ],
      "text/plain": [
       "<IPython.core.display.Markdown object>"
      ]
     },
     "metadata": {},
     "output_type": "display_data"
    },
    {
     "data": {
      "text/markdown": [
       "$P^-1 \\times M \\times P^T $ = $\\left[\\begin{smallmatrix}1 & 1 & 1 & 1 & 1 & 1 & 1 & 1 & 1 & 1 & 1 & 1 & 1 & 1 & 1\\\\0 & 4 & -1 & -21 & -56 & -100 & -149 & -217 & -360 & -708 & -1505 & -3157 & -6284 & -11748 & -20545\\\\0 & 0 & 16 & -24 & -159 & -239 & 159 & 1607 & 4538 & 9114 & 15846 & 27742 & 54811 & 121803 & 280493\\\\0 & 0 & 0 & 64 & -176 & -836 & -241 & 5147 & 16250 & 22386 & -6288 & -115800 & -353282 & -762398 & -1452173\\\\0 & 0 & 0 & 0 & 256 & -1024 & -3744 & 4496 & 41857 & 77953 & -45155 & -587843 & -1603145 & -2312905 & -518397\\\\0 & 0 & 0 & 0 & 0 & 1024 & -5376 & -14976 & 48224 & 244404 & 176159 & -1367381 & -5130996 & -7048696 & 7002449\\\\0 & 0 & 0 & 0 & 0 & 0 & 4096 & -26624 & -53504 & 339456 & 1179120 & -771336 & -12073503 & -26933295 & 6956283\\\\0 & 0 & 0 & 0 & 0 & 0 & 0 & 16384 & -126976 & -162816 & 2014464 & 4840896 & -12926672 & -76520468 & -84297809\\\\0 & 0 & 0 & 0 & 0 & 0 & 0 & 0 & 65536 & -589824 & -344064 & 10838016 & 16270848 & -105717760 & -396501056\\\\0 & 0 & 0 & 0 & 0 & 0 & 0 & 0 & 0 & 262144 & -2686976 & 262144 & 54575104 & 35534848 & -686202368\\\\0 & 0 & 0 & 0 & 0 & 0 & 0 & 0 & 0 & 0 & 1048576 & -12058624 & 9240576 & 261554176 & -53469184\\\\0 & 0 & 0 & 0 & 0 & 0 & 0 & 0 & 0 & 0 & 0 & 4194304 & -53477376 & 76283904 & 1204486144\\\\0 & 0 & 0 & 0 & 0 & 0 & 0 & 0 & 0 & 0 & 0 & 0 & 16777216 & -234881024 & 488636416\\\\0 & 0 & 0 & 0 & 0 & 0 & 0 & 0 & 0 & 0 & 0 & 0 & 0 & 67108864 & -1023410176\\\\0 & 0 & 0 & 0 & 0 & 0 & 0 & 0 & 0 & 0 & 0 & 0 & 0 & 0 & 268435456\\end{smallmatrix}\\right]$"
      ],
      "text/plain": [
       "<IPython.core.display.Markdown object>"
      ]
     },
     "metadata": {},
     "output_type": "display_data"
    },
    {
     "data": {
      "text/markdown": [
       "$(P^-1 \\times M \\times P^T )^-1$ = $\\left[\\begin{smallmatrix}1 & - 1 / 4 & - 5 / 64 & - 65 / 512 & - 3185 / 16384 & - 44783 / 131072 & - 1341977 / 2097152 & - 21049233 / 16777216 & - 2729667113 / 1073741824 & - 45366346531 / 8589934592 & - 1537749839643 / 137438953472 & - 26475782973127 / 1099511627776 & - 1847132719940845 / 35184372088832 & - 32568363358817995 / 281474976710656 & - 1159103737332283393 / 4503599627370496\\\\0 & 1 / 4 & 1 / 64 & 45 / 512 & 2045 / 16384 & 29443 / 131072 & 886213 / 2097152 & 13957565 / 16777216 & 1815007957 / 1073741824 & 30227012519 / 8589934592 & 1026205609823 / 137438953472 & 17690626729787 / 1099511627776 & 1235481291578953 / 35184372088832 & 21802271874566063 / 281474976710656 & 776493574748814221 / 4503599627370496\\\\0 & 0 & 1 / 16 & 3 / 128 & 225 / 4096 & 2905 / 32768 & 86781 / 524288 & 1348219 / 4194304 & 173802721 / 268435456 & 2875354461 / 2147483648 & 97117564447 / 34359738368 & 1667333329541 / 274877906944 & 116053376633069 / 8796093022208 & 2042256851903309 / 70368744177664 & 72564032910336917 / 1125899906842624\\\\0 & 0 & 0 & 1 / 64 & 11 / 1024 & 385 / 16384 & 2725 / 65536 & 170269 / 2097152 & 10953961 / 67108864 & 362288017 / 1073741824 & 382272131 / 536870912 & 209976684783 / 137438953472 & 7306884328923 / 2199023255552 & 257152389948013 / 35184372088832 & 2284177324683571 / 140737488355328\\\\0 & 0 & 0 & 0 & 1 / 256 & 1 / 256 & 285 / 32768 & 545 / 32768 & 569689 / 16777216 & 592783 / 8388608 & 322123799 / 2147483648 & 347159403 / 1073741824 & 388016646877 / 549755813888 & 856093543851 / 549755813888 & 243967173586853 / 70368744177664\\\\0 & 0 & 0 & 0 & 0 & 1 / 1024 & 21 / 16384 & 195 / 65536 & 25555 / 4194304 & 871515 / 67108864 & 30017161 / 1073741824 & 65430729 / 1073741824 & 9222144843 / 68719476736 & 655762737329 / 2199023255552 & 23497491880681 / 35184372088832\\\\0 & 0 & 0 & 0 & 0 & 0 & 1 / 4096 & 13 / 32768 & 1015 / 1048576 & 17685 / 8388608 & 1257141 / 268435456 & 22373013 / 2147483648 & 400522135 / 17179869184 & 7210148729 / 137438953472 & 1044022405989 / 8796093022208\\\\0 & 0 & 0 & 0 & 0 & 0 & 0 & 1 / 16384 & 31 / 262144 & 1275 / 4194304 & 23505 / 33554432 & 1738317 / 1073741824 & 15968819 / 4294967296 & 586697419 / 68719476736 & 10790445009 / 549755813888\\\\0 & 0 & 0 & 0 & 0 & 0 & 0 & 0 & 1 / 65536 & 9 / 262144 & 195 / 2097152 & 7575 / 33554432 & 1163709 / 2147483648 & 5512471 / 4294967296 & 51929223 / 17179869184\\\\0 & 0 & 0 & 0 & 0 & 0 & 0 & 0 & 0 & 1 / 262144 & 41 / 4194304 & 935 / 33554432 & 76265 / 1073741824 & 759361 / 4294967296 & 29647889 / 68719476736\\\\0 & 0 & 0 & 0 & 0 & 0 & 0 & 0 & 0 & 0 & 1 / 1048576 & 23 / 8388608 & 2205 / 268435456 & 47065 / 2147483648 & 970505 / 17179869184\\\\0 & 0 & 0 & 0 & 0 & 0 & 0 & 0 & 0 & 0 & 0 & 1 / 4194304 & 51 / 67108864 & 2565 / 1073741824 & 7145 / 1073741824\\\\0 & 0 & 0 & 0 & 0 & 0 & 0 & 0 & 0 & 0 & 0 & 0 & 1 / 16777216 & 7 / 33554432 & 1475 / 2147483648\\\\0 & 0 & 0 & 0 & 0 & 0 & 0 & 0 & 0 & 0 & 0 & 0 & 0 & 1 / 67108864 & 61 / 1073741824\\\\0 & 0 & 0 & 0 & 0 & 0 & 0 & 0 & 0 & 0 & 0 & 0 & 0 & 0 & 1 / 268435456\\end{smallmatrix}\\right]$"
      ],
      "text/plain": [
       "<IPython.core.display.Markdown object>"
      ]
     },
     "metadata": {},
     "output_type": "display_data"
    },
    {
     "data": {
      "text/markdown": [
       "\n",
       "\n",
       "\n",
       "\n",
       "\n",
       "\n",
       "\n",
       "\n",
       "\n",
       "\n",
       "\n",
       "\n",
       "\n",
       "\n",
       "\n",
       "\n",
       "\n",
       "\n",
       "____________________________\n",
       "Trial number 3:"
      ],
      "text/plain": [
       "<IPython.core.display.Markdown object>"
      ]
     },
     "metadata": {},
     "output_type": "display_data"
    },
    {
     "data": {
      "text/markdown": [
       "Computing for s = $1 - 2 q + 6 q^{2} + 3 q^{3} + 4 q^{8} + O\\left(q^{15}\\right)$"
      ],
      "text/plain": [
       "<IPython.core.display.Markdown object>"
      ]
     },
     "metadata": {},
     "output_type": "display_data"
    },
    {
     "data": {
      "text/markdown": [
       "$M$ = $\\left[\\begin{smallmatrix}1 & 0 & 0 & 0 & 0 & 0 & 0 & 0 & 0 & 0 & 0 & 0 & 0 & 0 & 0\\\\1 & -2 & 6 & 3 & 0 & 0 & 0 & 0 & 4 & 0 & 0 & 0 & 0 & 0 & 0\\\\1 & -4 & 16 & -18 & 24 & 36 & 9 & 0 & 8 & -16 & 48 & 24 & 0 & 0 & 0\\\\1 & -6 & 30 & -71 & 144 & -72 & 27 & 270 & 174 & -21 & 192 & -216 & 288 & 432 & 108\\\\1 & -8 & 48 & -164 & 448 & -696 & 822 & 216 & -416 & 1308 & 2208 & -488 & 2385 & -1152 & 432\\\\1 & -10 & 70 & -305 & 1040 & -2432 & 4410 & -4260 & 2000 & 5870 & -2064 & 1040 & 22325 & -5010 & 18870\\\\1 & -12 & 96 & -502 & 2040 & -6132 & 14599 & -24552 & 29688 & -10500 & -14304 & 45168 & 29631 & -59340 & 183600\\\\1 & -14 & 126 & -763 & 3584 & -12936 & 37597 & -84422 & 147994 & -173439 & 111552 & 97832 & -169869 & 84966 & 673966\\\\1 & -16 & 160 & -1096 & 5824 & -24304 & 82684 & -226480 & 503616 & -863224 & 1093632 & -724976 & -202202 & 1294608 & -71296\\\\1 & -18 & 198 & -1509 & 8928 & -42048 & 162948 & -520200 & 1379772 & -2981348 & 5162976 & -6585120 & 5243166 & 532836 & -5717916\\\\1 & -20 & 240 & -2010 & 13080 & -68364 & 296085 & -1071600 & 3271720 & -8373320 & 17844496 & -30665880 & 40482930 & -34143480 & 5571840\\\\1 & -22 & 286 & -2607 & 18480 & -105864 & 505263 & -2034714 & 6986342 & -20458185 & 51007616 & -106787672 & 183814026 & -245844588 & 225943080\\\\1 & -24 & 336 & -3308 & 25344 & -157608 & 820050 & -3624984 & 13769760 & -45123452 & 127739040 & -310603416 & 642134431 & -1101599280 & 1502174448\\\\1 & -26 & 390 & -4121 & 33904 & -227136 & 1277406 & -6134700 & 25467208 & -91952822 & 289730896 & -795526160 & 1894506523 & -3866901950 & 6629649546\\\\1 & -28 & 448 & -5054 & 44408 & -318500 & 1922739 & -9950616 & 44719640 & -175863324 & 608037248 & -1850319744 & 4948221369 & -11560787812 & 23349023728\\end{smallmatrix}\\right]$"
      ],
      "text/plain": [
       "<IPython.core.display.Markdown object>"
      ]
     },
     "metadata": {},
     "output_type": "display_data"
    },
    {
     "data": {
      "text/markdown": [
       "$P^-1 \\times M $ = $\\left[\\begin{smallmatrix}1 & 0 & 0 & 0 & 0 & 0 & 0 & 0 & 0 & 0 & 0 & 0 & 0 & 0 & 0\\\\0 & -2 & 6 & 3 & 0 & 0 & 0 & 0 & 4 & 0 & 0 & 0 & 0 & 0 & 0\\\\0 & 0 & 4 & -24 & 24 & 36 & 9 & 0 & 0 & -16 & 48 & 24 & 0 & 0 & 0\\\\0 & 0 & 0 & -8 & 72 & -180 & 0 & 270 & 162 & 27 & 48 & -288 & 288 & 432 & 108\\\\0 & 0 & 0 & 0 & 16 & -192 & 768 & -864 & -1080 & 1296 & 1728 & 520 & 1233 & -2880 & 0\\\\0 & 0 & 0 & 0 & 0 & -32 & 480 & -2640 & 5760 & -720 & -11664 & 1080 & 13280 & 5070 & 17790\\\\0 & 0 & 0 & 0 & 0 & 0 & 64 & -1152 & 8064 & -25920 & 28080 & 36288 & -74304 & -55200 & 74700\\\\0 & 0 & 0 & 0 & 0 & 0 & 0 & -128 & 2688 & -22848 & 96768 & -187488 & 18144 & 450576 & -226304\\\\0 & 0 & 0 & 0 & 0 & 0 & 0 & 0 & 256 & -6144 & 61440 & -322560 & 887040 & -870912 & -1354752\\\\0 & 0 & 0 & 0 & 0 & 0 & 0 & 0 & 0 & -512 & 13824 & -158976 & 995328 & -3525120 & 6096384\\\\0 & 0 & 0 & 0 & 0 & 0 & 0 & 0 & 0 & 0 & 1024 & -30720 & 399360 & -2903040 & 12545280\\\\0 & 0 & 0 & 0 & 0 & 0 & 0 & 0 & 0 & 0 & 0 & -2048 & 67584 & -979968 & 8110080\\\\0 & 0 & 0 & 0 & 0 & 0 & 0 & 0 & 0 & 0 & 0 & 0 & 4096 & -147456 & 2359296\\\\0 & 0 & 0 & 0 & 0 & 0 & 0 & 0 & 0 & 0 & 0 & 0 & 0 & -8192 & 319488\\\\0 & 0 & 0 & 0 & 0 & 0 & 0 & 0 & 0 & 0 & 0 & 0 & 0 & 0 & 16384\\end{smallmatrix}\\right]$"
      ],
      "text/plain": [
       "<IPython.core.display.Markdown object>"
      ]
     },
     "metadata": {},
     "output_type": "display_data"
    },
    {
     "data": {
      "text/markdown": [
       "$(P^-1 \\times M)^-1 $ = $\\left[\\begin{smallmatrix}1 & 0 & 0 & 0 & 0 & 0 & 0 & 0 & 0 & 0 & 0 & 0 & 0 & 0 & 0\\\\0 & - 1 / 2 & 3 / 4 & - 39 / 16 & 315 / 32 & - 5697 / 128 & 13797 / 64 & - 280017 / 256 & 11753197 / 2048 & - 252978135 / 8192 & 2776985871 / 16384 & - 61944383475 / 65536 & 174990391641 / 32768 & - 3998163727215 / 131072 & 23050093131675 / 131072\\\\0 & 0 & 1 / 4 & - 3 / 4 & 3 & - 27 / 2 & 16695 / 256 & - 21141 / 64 & 443151 / 256 & - 297817 / 32 & 836352627 / 16384 & - 4661522415 / 16384 & 3290740713 / 2048 & - 75159847161 / 8192 & 13861759915989 / 262144\\\\0 & 0 & 0 & - 1 / 8 & 9 / 16 & - 171 / 64 & 1701 / 128 & - 8775 / 128 & 372519 / 1024 & - 8084637 / 4096 & 44652489 / 4096 & - 2001909141 / 32768 & 5677832979 / 16384 & - 130151821653 / 65536 & 1504814779197 / 131072\\\\0 & 0 & 0 & 0 & 1 / 16 & - 3 / 8 & 33 / 16 & - 45 / 4 & 31671 / 512 & - 176121 / 512 & 990495 / 512 & - 5628287 / 512 & 4131508407 / 65536 & - 2985923445 / 8192 & 34777354941 / 16384\\\\0 & 0 & 0 & 0 & 0 & - 1 / 32 & 15 / 64 & - 375 / 256 & 4455 / 512 & - 104175 / 2048 & 606771 / 2048 & - 14154075 / 8192 & 331247555 / 32768 & - 1945882095 / 32768 & 22959006075 / 65536\\\\0 & 0 & 0 & 0 & 0 & 0 & 1 / 64 & - 9 / 64 & 63 / 64 & - 405 / 64 & 160677 / 4096 & - 489645 / 2048 & 2960685 / 2048 & - 17842035 / 2048 & 3437593155 / 65536\\\\0 & 0 & 0 & 0 & 0 & 0 & 0 & - 1 / 128 & 21 / 256 & - 651 / 1024 & 9009 / 2048 & - 118125 / 4096 & 3009825 / 16384 & - 75449367 / 65536 & 117087701 / 16384\\\\0 & 0 & 0 & 0 & 0 & 0 & 0 & 0 & 1 / 256 & - 3 / 64 & 51 / 128 & - 189 / 64 & 83655 / 4096 & - 556227 / 4096 & 902691 / 1024\\\\0 & 0 & 0 & 0 & 0 & 0 & 0 & 0 & 0 & - 1 / 512 & 27 / 1024 & - 999 / 4096 & 15795 / 8192 & - 459837 / 32768 & 796797 / 8192\\\\0 & 0 & 0 & 0 & 0 & 0 & 0 & 0 & 0 & 0 & 1 / 1024 & - 15 / 1024 & 75 / 512 & - 315 / 256 & 616275 / 65536\\\\0 & 0 & 0 & 0 & 0 & 0 & 0 & 0 & 0 & 0 & 0 & - 1 / 2048 & 33 / 4096 & - 1419 / 16384 & 25245 / 32768\\\\0 & 0 & 0 & 0 & 0 & 0 & 0 & 0 & 0 & 0 & 0 & 0 & 1 / 4096 & - 9 / 2048 & 207 / 4096\\\\0 & 0 & 0 & 0 & 0 & 0 & 0 & 0 & 0 & 0 & 0 & 0 & 0 & - 1 / 8192 & 39 / 16384\\\\0 & 0 & 0 & 0 & 0 & 0 & 0 & 0 & 0 & 0 & 0 & 0 & 0 & 0 & 1 / 16384\\end{smallmatrix}\\right]$"
      ],
      "text/plain": [
       "<IPython.core.display.Markdown object>"
      ]
     },
     "metadata": {},
     "output_type": "display_data"
    },
    {
     "data": {
      "text/markdown": [
       "$P^-1 \\times M \\times P^T $ = $\\left[\\begin{smallmatrix}1 & 1 & 1 & 1 & 1 & 1 & 1 & 1 & 1 & 1 & 1 & 1 & 1 & 1 & 1\\\\0 & -2 & 2 & 15 & 40 & 80 & 138 & 217 & 324 & 486 & 790 & 1463 & 3012 & 6448 & 13622\\\\0 & 0 & 4 & -12 & -48 & -44 & 165 & 903 & 2716 & 6428 & 13190 & 24642 & 43628 & 76544 & 139503\\\\0 & 0 & 0 & -8 & 40 & 100 & -160 & -1270 & -3166 & -3075 & 8808 & 56835 & 191290 & 504091 & 1151560\\\\0 & 0 & 0 & 0 & 16 & -112 & -144 & 1040 & 3880 & 2808 & -21336 & -101120 & -246759 & -315803 & 314931\\\\0 & 0 & 0 & 0 & 0 & -32 & 288 & 48 & -3712 & -7632 & 16272 & 119352 & 276512 & 76622 & -1812558\\\\0 & 0 & 0 & 0 & 0 & 0 & 64 & -704 & 640 & 10560 & 6960 & -100464 & -349536 & -181248 & 2420028\\\\0 & 0 & 0 & 0 & 0 & 0 & 0 & -128 & 1664 & -3264 & -26112 & 21600 & 357600 & 641520 & -1756928\\\\0 & 0 & 0 & 0 & 0 & 0 & 0 & 0 & 256 & -3840 & 11520 & 57600 & -153600 & -990720 & -268800\\\\0 & 0 & 0 & 0 & 0 & 0 & 0 & 0 & 0 & -512 & 8704 & -35072 & -112640 & 601600 & 2265088\\\\0 & 0 & 0 & 0 & 0 & 0 & 0 & 0 & 0 & 0 & 1024 & -19456 & 98304 & 185344 & -1912576\\\\0 & 0 & 0 & 0 & 0 & 0 & 0 & 0 & 0 & 0 & 0 & -2048 & 43008 & -261120 & -204800\\\\0 & 0 & 0 & 0 & 0 & 0 & 0 & 0 & 0 & 0 & 0 & 0 & 4096 & -94208 & 667648\\\\0 & 0 & 0 & 0 & 0 & 0 & 0 & 0 & 0 & 0 & 0 & 0 & 0 & -8192 & 204800\\\\0 & 0 & 0 & 0 & 0 & 0 & 0 & 0 & 0 & 0 & 0 & 0 & 0 & 0 & 16384\\end{smallmatrix}\\right]$"
      ],
      "text/plain": [
       "<IPython.core.display.Markdown object>"
      ]
     },
     "metadata": {},
     "output_type": "display_data"
    },
    {
     "data": {
      "text/markdown": [
       "$(P^-1 \\times M \\times P^T )^-1$ = $\\left[\\begin{smallmatrix}1 & 1 / 2 & - 1 / 2 & 29 / 16 & - 235 / 32 & 4267 / 128 & - 41423 / 256 & 6577 / 8 & - 8842307 / 2048 & 190458021 / 8192 & - 522956195 / 4096 & 46680966841 / 65536 & - 263835475257 / 65536 & 3014911467295 / 131072 & - 34771369414423 / 262144\\\\0 & - 1 / 2 & 1 / 4 & - 21 / 16 & 169 / 32 & - 3095 / 128 & 3771 / 32 & - 38423 / 64 & 6469275 / 2048 & - 139537897 / 8192 & 1534197725 / 16384 & - 34265943537 / 65536 & 48449994479 / 16384 & - 2215855704487 / 131072 & 12783977142231 / 131072\\\\0 & 0 & 1 / 4 & - 3 / 8 & 27 / 16 & - 475 / 64 & 9117 / 256 & - 22971 / 128 & 959467 / 1024 & - 20576177 / 4096 & 450451179 / 16384 & - 5012528927 / 32768 & 28267721203 / 32768 & - 161214576159 / 32768 & 7425704421703 / 262144\\\\0 & 0 & 0 & - 1 / 8 & 5 / 16 & - 95 / 64 & 905 / 128 & - 4565 / 128 & 190807 / 1024 & - 4094925 / 4096 & 22426359 / 4096 & - 998816629 / 32768 & 1408922181 / 8192 & - 32155905325 / 32768 & 740868163485 / 131072\\\\0 & 0 & 0 & 0 & 1 / 16 & - 7 / 32 & 9 / 8 & - 1475 / 256 & 7813 / 256 & - 338655 / 2048 & 3737247 / 4096 & - 41857739 / 8192 & 1898408077 / 65536 & - 10874309041 / 65536 & 1963786901 / 2048\\\\0 & 0 & 0 & 0 & 0 & - 1 / 32 & 9 / 64 & - 201 / 256 & 2201 / 512 & - 48885 / 2048 & 274533 / 2048 & - 6232449 / 8192 & 142823717 / 32768 & - 1650112941 / 65536 & 9602335601 / 65536\\\\0 & 0 & 0 & 0 & 0 & 0 & 1 / 64 & - 11 / 128 & 133 / 256 & - 3099 / 1024 & 72015 / 4096 & - 418863 / 4096 & 9779217 / 16384 & - 229301103 / 65536 & 1350208189 / 65536\\\\0 & 0 & 0 & 0 & 0 & 0 & 0 & - 1 / 128 & 13 / 256 & - 339 / 1024 & 4185 / 2048 & - 50781 / 4096 & 1222497 / 16384 & - 29342487 / 65536 & 5499691 / 2048\\\\0 & 0 & 0 & 0 & 0 & 0 & 0 & 0 & 1 / 256 & - 15 / 512 & 105 / 512 & - 5475 / 4096 & 69255 / 8192 & - 1723545 / 32768 & 21255045 / 65536\\\\0 & 0 & 0 & 0 & 0 & 0 & 0 & 0 & 0 & - 1 / 512 & 17 / 1024 & - 509 / 4096 & 6985 / 8192 & - 183907 / 32768 & 590867 / 16384\\\\0 & 0 & 0 & 0 & 0 & 0 & 0 & 0 & 0 & 0 & 1 / 1024 & - 19 / 2048 & 303 / 4096 & - 8731 / 16384 & 238865 / 65536\\\\0 & 0 & 0 & 0 & 0 & 0 & 0 & 0 & 0 & 0 & 0 & - 1 / 2048 & 21 / 4096 & - 711 / 16384 & 10729 / 32768\\\\0 & 0 & 0 & 0 & 0 & 0 & 0 & 0 & 0 & 0 & 0 & 0 & 1 / 4096 & - 23 / 8192 & 103 / 4096\\\\0 & 0 & 0 & 0 & 0 & 0 & 0 & 0 & 0 & 0 & 0 & 0 & 0 & - 1 / 8192 & 25 / 16384\\\\0 & 0 & 0 & 0 & 0 & 0 & 0 & 0 & 0 & 0 & 0 & 0 & 0 & 0 & 1 / 16384\\end{smallmatrix}\\right]$"
      ],
      "text/plain": [
       "<IPython.core.display.Markdown object>"
      ]
     },
     "metadata": {},
     "output_type": "display_data"
    },
    {
     "data": {
      "text/markdown": [
       "\n",
       "\n",
       "\n",
       "\n",
       "\n",
       "\n",
       "\n",
       "\n",
       "\n",
       "\n",
       "\n",
       "\n",
       "\n",
       "\n",
       "\n",
       "\n",
       "\n",
       "\n",
       "____________________________\n",
       "Trial number 4:"
      ],
      "text/plain": [
       "<IPython.core.display.Markdown object>"
      ]
     },
     "metadata": {},
     "output_type": "display_data"
    },
    {
     "data": {
      "text/markdown": [
       "Computing for s = $1 - 5 q + 7 q^{2} - q^{3} + 3 q^{7} + 6 q^{9} + O\\left(q^{15}\\right)$"
      ],
      "text/plain": [
       "<IPython.core.display.Markdown object>"
      ]
     },
     "metadata": {},
     "output_type": "display_data"
    },
    {
     "data": {
      "text/markdown": [
