{
 "cells": [
  {
   "cell_type": "code",
   "execution_count": 2,
   "id": "0c809e50",
   "metadata": {
    "scrolled": false
   },
   "outputs": [
    {
     "data": {
      "text/markdown": [
       "$P^{-1}$ = $\\left[\\begin{smallmatrix}1 & 0 & 0 & 0 & 0 & 0 & 0 & 0 & 0 & 0 & 0 & 0 & 0 & 0 & 0 & 0 & 0 & 0 & 0 & 0 & 0 & 0 & 0 & 0\\\\-1 & 1 & 0 & 0 & 0 & 0 & 0 & 0 & 0 & 0 & 0 & 0 & 0 & 0 & 0 & 0 & 0 & 0 & 0 & 0 & 0 & 0 & 0 & 0\\\\1 & -2 & 1 & 0 & 0 & 0 & 0 & 0 & 0 & 0 & 0 & 0 & 0 & 0 & 0 & 0 & 0 & 0 & 0 & 0 & 0 & 0 & 0 & 0\\\\-1 & 3 & -3 & 1 & 0 & 0 & 0 & 0 & 0 & 0 & 0 & 0 & 0 & 0 & 0 & 0 & 0 & 0 & 0 & 0 & 0 & 0 & 0 & 0\\\\1 & -4 & 6 & -4 & 1 & 0 & 0 & 0 & 0 & 0 & 0 & 0 & 0 & 0 & 0 & 0 & 0 & 0 & 0 & 0 & 0 & 0 & 0 & 0\\\\-1 & 5 & -10 & 10 & -5 & 1 & 0 & 0 & 0 & 0 & 0 & 0 & 0 & 0 & 0 & 0 & 0 & 0 & 0 & 0 & 0 & 0 & 0 & 0\\\\1 & -6 & 15 & -20 & 15 & -6 & 1 & 0 & 0 & 0 & 0 & 0 & 0 & 0 & 0 & 0 & 0 & 0 & 0 & 0 & 0 & 0 & 0 & 0\\\\-1 & 7 & -21 & 35 & -35 & 21 & -7 & 1 & 0 & 0 & 0 & 0 & 0 & 0 & 0 & 0 & 0 & 0 & 0 & 0 & 0 & 0 & 0 & 0\\\\1 & -8 & 28 & -56 & 70 & -56 & 28 & -8 & 1 & 0 & 0 & 0 & 0 & 0 & 0 & 0 & 0 & 0 & 0 & 0 & 0 & 0 & 0 & 0\\\\-1 & 9 & -36 & 84 & -126 & 126 & -84 & 36 & -9 & 1 & 0 & 0 & 0 & 0 & 0 & 0 & 0 & 0 & 0 & 0 & 0 & 0 & 0 & 0\\\\1 & -10 & 45 & -120 & 210 & -252 & 210 & -120 & 45 & -10 & 1 & 0 & 0 & 0 & 0 & 0 & 0 & 0 & 0 & 0 & 0 & 0 & 0 & 0\\\\-1 & 11 & -55 & 165 & -330 & 462 & -462 & 330 & -165 & 55 & -11 & 1 & 0 & 0 & 0 & 0 & 0 & 0 & 0 & 0 & 0 & 0 & 0 & 0\\\\1 & -12 & 66 & -220 & 495 & -792 & 924 & -792 & 495 & -220 & 66 & -12 & 1 & 0 & 0 & 0 & 0 & 0 & 0 & 0 & 0 & 0 & 0 & 0\\\\-1 & 13 & -78 & 286 & -715 & 1287 & -1716 & 1716 & -1287 & 715 & -286 & 78 & -13 & 1 & 0 & 0 & 0 & 0 & 0 & 0 & 0 & 0 & 0 & 0\\\\1 & -14 & 91 & -364 & 1001 & -2002 & 3003 & -3432 & 3003 & -2002 & 1001 & -364 & 91 & -14 & 1 & 0 & 0 & 0 & 0 & 0 & 0 & 0 & 0 & 0\\\\-1 & 15 & -105 & 455 & -1365 & 3003 & -5005 & 6435 & -6435 & 5005 & -3003 & 1365 & -455 & 105 & -15 & 1 & 0 & 0 & 0 & 0 & 0 & 0 & 0 & 0\\\\1 & -16 & 120 & -560 & 1820 & -4368 & 8008 & -11440 & 12870 & -11440 & 8008 & -4368 & 1820 & -560 & 120 & -16 & 1 & 0 & 0 & 0 & 0 & 0 & 0 & 0\\\\-1 & 17 & -136 & 680 & -2380 & 6188 & -12376 & 19448 & -24310 & 24310 & -19448 & 12376 & -6188 & 2380 & -680 & 136 & -17 & 1 & 0 & 0 & 0 & 0 & 0 & 0\\\\1 & -18 & 153 & -816 & 3060 & -8568 & 18564 & -31824 & 43758 & -48620 & 43758 & -31824 & 18564 & -8568 & 3060 & -816 & 153 & -18 & 1 & 0 & 0 & 0 & 0 & 0\\\\-1 & 19 & -171 & 969 & -3876 & 11628 & -27132 & 50388 & -75582 & 92378 & -92378 & 75582 & -50388 & 27132 & -11628 & 3876 & -969 & 171 & -19 & 1 & 0 & 0 & 0 & 0\\\\1 & -20 & 190 & -1140 & 4845 & -15504 & 38760 & -77520 & 125970 & -167960 & 184756 & -167960 & 125970 & -77520 & 38760 & -15504 & 4845 & -1140 & 190 & -20 & 1 & 0 & 0 & 0\\\\-1 & 21 & -210 & 1330 & -5985 & 20349 & -54264 & 116280 & -203490 & 293930 & -352716 & 352716 & -293930 & 203490 & -116280 & 54264 & -20349 & 5985 & -1330 & 210 & -21 & 1 & 0 & 0\\\\1 & -22 & 231 & -1540 & 7315 & -26334 & 74613 & -170544 & 319770 & -497420 & 646646 & -705432 & 646646 & -497420 & 319770 & -170544 & 74613 & -26334 & 7315 & -1540 & 231 & -22 & 1 & 0\\\\-1 & 23 & -253 & 1771 & -8855 & 33649 & -100947 & 245157 & -490314 & 817190 & -1144066 & 1352078 & -1352078 & 1144066 & -817190 & 490314 & -245157 & 100947 & -33649 & 8855 & -1771 & 253 & -23 & 1\\end{smallmatrix}\\right]$"
      ],
      "text/plain": [
       "<IPython.core.display.Markdown object>"
      ]
     },
     "metadata": {},
     "output_type": "display_data"
    },
    {
     "data": {
      "text/markdown": [
       "\n",
       "\n",
       "$P^{T}$ = $\\left[\\begin{smallmatrix}1 & 1 & 1 & 1 & 1 & 1 & 1 & 1 & 1 & 1 & 1 & 1 & 1 & 1 & 1 & 1 & 1 & 1 & 1 & 1 & 1 & 1 & 1 & 1\\\\0 & 1 & 2 & 3 & 4 & 5 & 6 & 7 & 8 & 9 & 10 & 11 & 12 & 13 & 14 & 15 & 16 & 17 & 18 & 19 & 20 & 21 & 22 & 23\\\\0 & 0 & 1 & 3 & 6 & 10 & 15 & 21 & 28 & 36 & 45 & 55 & 66 & 78 & 91 & 105 & 120 & 136 & 153 & 171 & 190 & 210 & 231 & 253\\\\0 & 0 & 0 & 1 & 4 & 10 & 20 & 35 & 56 & 84 & 120 & 165 & 220 & 286 & 364 & 455 & 560 & 680 & 816 & 969 & 1140 & 1330 & 1540 & 1771\\\\0 & 0 & 0 & 0 & 1 & 5 & 15 & 35 & 70 & 126 & 210 & 330 & 495 & 715 & 1001 & 1365 & 1820 & 2380 & 3060 & 3876 & 4845 & 5985 & 7315 & 8855\\\\0 & 0 & 0 & 0 & 0 & 1 & 6 & 21 & 56 & 126 & 252 & 462 & 792 & 1287 & 2002 & 3003 & 4368 & 6188 & 8568 & 11628 & 15504 & 20349 & 26334 & 33649\\\\0 & 0 & 0 & 0 & 0 & 0 & 1 & 7 & 28 & 84 & 210 & 462 & 924 & 1716 & 3003 & 5005 & 8008 & 12376 & 18564 & 27132 & 38760 & 54264 & 74613 & 100947\\\\0 & 0 & 0 & 0 & 0 & 0 & 0 & 1 & 8 & 36 & 120 & 330 & 792 & 1716 & 3432 & 6435 & 11440 & 19448 & 31824 & 50388 & 77520 & 116280 & 170544 & 245157\\\\0 & 0 & 0 & 0 & 0 & 0 & 0 & 0 & 1 & 9 & 45 & 165 & 495 & 1287 & 3003 & 6435 & 12870 & 24310 & 43758 & 75582 & 125970 & 203490 & 319770 & 490314\\\\0 & 0 & 0 & 0 & 0 & 0 & 0 & 0 & 0 & 1 & 10 & 55 & 220 & 715 & 2002 & 5005 & 11440 & 24310 & 48620 & 92378 & 167960 & 293930 & 497420 & 817190\\\\0 & 0 & 0 & 0 & 0 & 0 & 0 & 0 & 0 & 0 & 1 & 11 & 66 & 286 & 1001 & 3003 & 8008 & 19448 & 43758 & 92378 & 184756 & 352716 & 646646 & 1144066\\\\0 & 0 & 0 & 0 & 0 & 0 & 0 & 0 & 0 & 0 & 0 & 1 & 12 & 78 & 364 & 1365 & 4368 & 12376 & 31824 & 75582 & 167960 & 352716 & 705432 & 1352078\\\\0 & 0 & 0 & 0 & 0 & 0 & 0 & 0 & 0 & 0 & 0 & 0 & 1 & 13 & 91 & 455 & 1820 & 6188 & 18564 & 50388 & 125970 & 293930 & 646646 & 1352078\\\\0 & 0 & 0 & 0 & 0 & 0 & 0 & 0 & 0 & 0 & 0 & 0 & 0 & 1 & 14 & 105 & 560 & 2380 & 8568 & 27132 & 77520 & 203490 & 497420 & 1144066\\\\0 & 0 & 0 & 0 & 0 & 0 & 0 & 0 & 0 & 0 & 0 & 0 & 0 & 0 & 1 & 15 & 120 & 680 & 3060 & 11628 & 38760 & 116280 & 319770 & 817190\\\\0 & 0 & 0 & 0 & 0 & 0 & 0 & 0 & 0 & 0 & 0 & 0 & 0 & 0 & 0 & 1 & 16 & 136 & 816 & 3876 & 15504 & 54264 & 170544 & 490314\\\\0 & 0 & 0 & 0 & 0 & 0 & 0 & 0 & 0 & 0 & 0 & 0 & 0 & 0 & 0 & 0 & 1 & 17 & 153 & 969 & 4845 & 20349 & 74613 & 245157\\\\0 & 0 & 0 & 0 & 0 & 0 & 0 & 0 & 0 & 0 & 0 & 0 & 0 & 0 & 0 & 0 & 0 & 1 & 18 & 171 & 1140 & 5985 & 26334 & 100947\\\\0 & 0 & 0 & 0 & 0 & 0 & 0 & 0 & 0 & 0 & 0 & 0 & 0 & 0 & 0 & 0 & 0 & 0 & 1 & 19 & 190 & 1330 & 7315 & 33649\\\\0 & 0 & 0 & 0 & 0 & 0 & 0 & 0 & 0 & 0 & 0 & 0 & 0 & 0 & 0 & 0 & 0 & 0 & 0 & 1 & 20 & 210 & 1540 & 8855\\\\0 & 0 & 0 & 0 & 0 & 0 & 0 & 0 & 0 & 0 & 0 & 0 & 0 & 0 & 0 & 0 & 0 & 0 & 0 & 0 & 1 & 21 & 231 & 1771\\\\0 & 0 & 0 & 0 & 0 & 0 & 0 & 0 & 0 & 0 & 0 & 0 & 0 & 0 & 0 & 0 & 0 & 0 & 0 & 0 & 0 & 1 & 22 & 253\\\\0 & 0 & 0 & 0 & 0 & 0 & 0 & 0 & 0 & 0 & 0 & 0 & 0 & 0 & 0 & 0 & 0 & 0 & 0 & 0 & 0 & 0 & 1 & 23\\\\0 & 0 & 0 & 0 & 0 & 0 & 0 & 0 & 0 & 0 & 0 & 0 & 0 & 0 & 0 & 0 & 0 & 0 & 0 & 0 & 0 & 0 & 0 & 1\\end{smallmatrix}\\right]$"
      ],
      "text/plain": [
       "<IPython.core.display.Markdown object>"
      ]
     },
     "metadata": {},
     "output_type": "display_data"
    },
    {
     "data": {
      "text/markdown": [
       "\n",
       "\n",
       "\n",
       "\n",
       "\n",
       "\n",
       "\n",
       "\n",
       "\n",
       "\n",
       "\n",
       "\n",
       "\n",
       "\n",
       "\n",
       "\n",
       "\n",
       "\n",
       "____________________________\n",
       "Trial number 1:"
      ],
      "text/plain": [
       "<IPython.core.display.Markdown object>"
      ]
     },
     "metadata": {},
     "output_type": "display_data"
    },
    {
     "data": {
      "text/markdown": [
       "Computing for s = $1 + q - 2 q^{2} - q^{4} + 2 q^{7} - 3 q^{10} + q^{15} - q^{17} - 2 q^{19} + O\\left(q^{24}\\right)$"
      ],
      "text/plain": [
       "<IPython.core.display.Markdown object>"
      ]
     },
     "metadata": {},
     "output_type": "display_data"
    },
    {
     "data": {
      "text/markdown": [
       "$M$ = $\\left[\\begin{smallmatrix}1 & 1 & -2 & 0 & -1 & 0 & 0 & 2 & 0 & 0 & -3 & 0 & 0 & 0 & 0 & 1 & 0 & -1 & 0 & -2 & 0 & 0 & 0 & 0\\\\1 & 2 & -3 & -4 & 2 & -2 & 4 & 4 & 5 & -8 & -6 & -10 & 12 & 0 & 10 & 2 & 2 & -18 & -2 & -2 & 5 & 10 & 4 & 4\\\\1 & 3 & -3 & -11 & 3 & 6 & 1 & 18 & 3 & -15 & -39 & -6 & 14 & 60 & -6 & 39 & -54 & -48 & -75 & 81 & 21 & 95 & -12 & -9\\\\1 & 4 & -2 & -20 & -3 & 28 & 4 & 20 & 22 & -60 & -86 & -36 & 104 & 136 & 92 & -92 & -47 & -376 & -44 & 140 & 554 & 12 & 186 & -584\\\\1 & 5 & 0 & -30 & -20 & 61 & 40 & -10 & 45 & -110 & -237 & -40 & 280 & 440 & 155 & -275 & -555 & -610 & -580 & 1325 & 1399 & 965 & -1330 & -1040\\\\1 & 6 & 3 & -40 & -51 & 96 & 141 & -60 & -15 & -106 & -540 & -102 & 791 & 1080 & 312 & -1052 & -1755 & -1500 & -485 & 3108 & 6111 & 814 & -3984 & -8010\\\\1 & 7 & 7 & -49 & -98 & 119 & 336 & -69 & -294 & -91 & -840 & -490 & 1967 & 2583 & 383 & -3115 & -4851 & -3129 & 1008 & 8519 & 15848 & 3325 & -19460 & -23534\\\\1 & 8 & 12 & -56 & -162 & 112 & 644 & 80 & -923 & -352 & -780 & -1296 & 3668 & 6440 & 28 & -8352 & -11882 & -5800 & 7044 & 23000 & 35042 & 7920 & -61060 & -76048\\\\1 & 9 & 18 & -60 & -243 & 54 & 1068 & 558 & -1953 & -1523 & -45 & -1800 & 5043 & 14508 & 558 & -22089 & -26586 & -9207 & 25093 & 58212 & 71208 & 7488 & -157896 & -220275\\\\1 & 10 & 25 & -60 & -340 & -78 & 1590 & 1580 & -3270 & -4610 & 1147 & 130 & 5340 & 26990 & 6870 & -52814 & -61075 & -7870 & 70690 & 138200 & 135067 & -20730 & -376600 & -550590\\\\1 & 11 & 33 & -55 & -451 & -308 & 2167 & 3388 & -4510 & -10912 & 1364 & 8207 & 6215 & 40040 & 26213 & -106359 & -146949 & 7271 & 188100 & 301587 & 243463 & -138963 & -858024 & -1231230\\\\1 & 12 & 42 & -44 & -573 & -660 & 2728 & 6228 & -4983 & -21824 & -2808 & 27072 & 15489 & 45252 & 60588 & -176528 & -340263 & 25596 & 492934 & 626184 & 391512 & -475588 & -1899570 & -2532708\\\\1 & 13 & 52 & -26 & -702 & -1157 & 3172 & 10322 & -3614 & -38519 & -17485 & 60502 & 51714 & 34009 & 91845 & -241501 & -705276 & -31122 & 1207505 & 1340287 & 470379 & -1318863 & -4043663 & -4930133\\\\1 & 14 & 63 & 0 & -833 & -1820 & 3367 & 15836 & 1092 & -61516 & -52003 & 108290 & 148330 & 9660 & 62661 & -281932 & -1268722 & -353290 & 2626897 & 3069766 & 220248 & -3491982 & -8137402 & -9194318\\\\1 & 15 & 75 & 35 & -960 & -2667 & 3150 & 22845 & 11055 & -90150 & -119073 & 161775 & 355705 & 9660 & -138165 & -339236 & -1957425 & -1219260 & 4961680 & 7165485 & -521577 & -9253450 & -15687975 & -15984555\\\\1 & 16 & 88 & 80 & -1076 & -3712 & 2328 & 31296 & 28590 & -121968 & -234416 & 198192 & 739012 & 138160 & -672272 & -628384 & -2565771 & -2814480 & 8085840 & 15885744 & -948220 & -23644432 & -30580096 & -24265120\\\\1 & 17 & 102 & 136 & -1173 & -4964 & 680 & 40970 & 56338 & -152082 & -415735 & 174216 & 1369758 & 607172 & -1711900 & -1706851 & -2839527 & -4824276 & 11385852 & 32071690 & 2307359 & -55485552 & -63852884 & -28959704\\\\1 & 18 & 117 & 204 & -1242 & -6426 & -2040 & 51444 & 97155 & -172516 & -680904 & 19278 & 2308872 & 1781532 & -3343050 & -4679742 & -2798523 & -5811552 & 14132067 & 58007430 & 16903287 & -116442096 & -142816320 & -21355740\\\\1 & 19 & 133 & 285 & -1273 & -8094 & -6099 & 62054 & 153957 & -171589 & -1045285 & -370576 & 3579600 & 4219672 & -5391744 & -11391545 & -3439931 & -2548147 & 17007888 & 93576274 & 55044216 & -216487083 & -323425695 & -135261\\\\1 & 20 & 150 & 380 & -1255 & -9956 & -11780 & 71860 & 229520 & -133380 & -1518122 & -1137340 & 5129050 & 8698960 & -7158060 & -24519860 & -7952450 & 10298740 & 25528590 & 134744560 & 129611427 & -355724120 & -700461410 & -3539340\\\\1 & 21 & 168 & 490 & -1176 & -11991 & -19376 & 79614 & 326235 & -37324 & -2098005 & -2463132 & 6778072 & 16211370 & -7051593 & -47449591 & -23516640 & 39435375 & 55927410 & 174852363 & 243193167 & -516815478 & -1405282788 & -169055040\\\\1 & 22 & 187 & 616 & -1023 & -14168 & -29183 & 83732 & 445819 & 142010 & -2767446 & -4568518 & 8160229 & 27912808 & -2135606 & -83772348 & -63657616 & 90171862 & 143543158 & 213025384 & 368411582 & -669494738 & -2579554783 & -810878662\\\\1 & 23 & 207 & 759 & -782 & -16445 & -41492 & 82271 & 588984 & 434907 & -3486662 & -7705828 & 8651887 & 45007849 & 12394723 & -136230909 & -150947390 & 160360232 & 352691959 & 275890382 & 422121392 & -807899978 & -4321344558 & -2475045961\\\\1 & 24 & 228 & 920 & -438 & -18768 & -56580 & 72912 & 755067 & 876208 & -4186716 & -12146208 & 7296888 & 68551224 & 43752348 & -204918752 & -319625319 & 229646880 & 785374376 & 460090848 & 244033680 & -1050053776 & -6624499560 & -5892767232\\end{smallmatrix}\\right]$"
      ],
      "text/plain": [
       "<IPython.core.display.Markdown object>"
      ]
     },
     "metadata": {},
     "output_type": "display_data"
    },
    {
     "data": {
      "text/markdown": [
       "$P^-1 \\times M $ = $\\left[\\begin{smallmatrix}1 & 1 & -2 & 0 & -1 & 0 & 0 & 2 & 0 & 0 & -3 & 0 & 0 & 0 & 0 & 1 & 0 & -1 & 0 & -2 & 0 & 0 & 0 & 0\\\\0 & 1 & -1 & -4 & 3 & -2 & 4 & 2 & 5 & -8 & -3 & -10 & 12 & 0 & 10 & 1 & 2 & -17 & -2 & 0 & 5 & 10 & 4 & 4\\\\0 & 0 & 1 & -3 & -2 & 10 & -7 & 12 & -7 & 1 & -30 & 14 & -10 & 60 & -26 & 36 & -58 & -13 & -71 & 83 & 11 & 75 & -20 & -17\\\\0 & 0 & 0 & 1 & -5 & 4 & 13 & -24 & 28 & -39 & 16 & -48 & 98 & -44 & 140 & -204 & 121 & -285 & 175 & -107 & 506 & -243 & 234 & -545\\\\0 & 0 & 0 & 0 & 1 & -7 & 14 & 4 & -45 & 72 & -106 & 108 & -100 & 256 & -289 & 320 & -699 & 677 & -846 & 1257 & -711 & 1447 & -2162 & 1226\\\\0 & 0 & 0 & 0 & 0 & 1 & -9 & 28 & -25 & -46 & 148 & -252 & 351 & -360 & 567 & -978 & 1100 & -1819 & 2715 & -2935 & 4471 & -4791 & 4666 & -8540\\\\0 & 0 & 0 & 0 & 0 & 0 & 1 & -11 & 46 & -82 & 13 & 212 & -521 & 883 & -1154 & 1486 & -2528 & 3628 & -5015 & 8171 & -10628 & 14041 & -19430 & 20447\\\\0 & 0 & 0 & 0 & 0 & 0 & 0 & 1 & -13 & 68 & -175 & 188 & 140 & -861 & 1890 & -3040 & 4148 & -6324 & 10124 & -14553 & 22456 & -33541 & 44836 & -63343\\\\0 & 0 & 0 & 0 & 0 & 0 & 0 & 0 & 1 & -15 & 94 & -312 & 551 & -304 & -964 & 3398 & -6824 & 10736 & -16095 & 25888 & -40146 & 61102 & -95076 & 137337\\\\0 & 0 & 0 & 0 & 0 & 0 & 0 & 0 & 0 & 1 & -17 & 124 & -501 & 1190 & -1500 & -42 & 4745 & -13128 & 24721 & -39818 & 64012 & -103650 & 162632 & -255903\\\\0 & 0 & 0 & 0 & 0 & 0 & 0 & 0 & 0 & 0 & 1 & -19 & 158 & -750 & 2209 & -4004 & 3461 & 3605 & -20870 & 50014 & -91574 & 153404 & -254976 & 415670\\\\0 & 0 & 0 & 0 & 0 & 0 & 0 & 0 & 0 & 0 & 0 & 1 & -21 & 196 & -1067 & 3728 & -8580 & 12221 & -5564 & -23760 & 86790 & -190732 & 348940 & -602626\\\\0 & 0 & 0 & 0 & 0 & 0 & 0 & 0 & 0 & 0 & 0 & 0 & 1 & -23 & 238 & -1460 & 5883 & -16232 & 30450 & -33776 & -3660 & 119952 & -351229 & 736416\\\\0 & 0 & 0 & 0 & 0 & 0 & 0 & 0 & 0 & 0 & 0 & 0 & 0 & 1 & -25 & 284 & -1937 & 8826 & -28236 & 64376 & -100605 & 80600 & 93899 & -545522\\\\0 & 0 & 0 & 0 & 0 & 0 & 0 & 0 & 0 & 0 & 0 & 0 & 0 & 0 & 1 & -27 & 334 & -2506 & 12725 & -46172 & 122787 & -238233 & 310614 & -135554\\\\0 & 0 & 0 & 0 & 0 & 0 & 0 & 0 & 0 & 0 & 0 & 0 & 0 & 0 & 0 & 1 & -29 & 388 & -3175 & 17764 & -71956 & 217639 & -496586 & 833920\\\\0 & 0 & 0 & 0 & 0 & 0 & 0 & 0 & 0 & 0 & 0 & 0 & 0 & 0 & 0 & 0 & 1 & -31 & 446 & -3952 & 24143 & -107872 & 364728 & -949686\\\\0 & 0 & 0 & 0 & 0 & 0 & 0 & 0 & 0 & 0 & 0 & 0 & 0 & 0 & 0 & 0 & 0 & 1 & -33 & 508 & -4845 & 32078 & -156604 & 584426\\\\0 & 0 & 0 & 0 & 0 & 0 & 0 & 0 & 0 & 0 & 0 & 0 & 0 & 0 & 0 & 0 & 0 & 0 & 1 & -35 & 574 & -5862 & 41801 & -221268\\\\0 & 0 & 0 & 0 & 0 & 0 & 0 & 0 & 0 & 0 & 0 & 0 & 0 & 0 & 0 & 0 & 0 & 0 & 0 & 1 & -37 & 644 & -7011 & 53560\\\\0 & 0 & 0 & 0 & 0 & 0 & 0 & 0 & 0 & 0 & 0 & 0 & 0 & 0 & 0 & 0 & 0 & 0 & 0 & 0 & 1 & -39 & 718 & -8300\\\\0 & 0 & 0 & 0 & 0 & 0 & 0 & 0 & 0 & 0 & 0 & 0 & 0 & 0 & 0 & 0 & 0 & 0 & 0 & 0 & 0 & 1 & -41 & 796\\\\0 & 0 & 0 & 0 & 0 & 0 & 0 & 0 & 0 & 0 & 0 & 0 & 0 & 0 & 0 & 0 & 0 & 0 & 0 & 0 & 0 & 0 & 1 & -43\\\\0 & 0 & 0 & 0 & 0 & 0 & 0 & 0 & 0 & 0 & 0 & 0 & 0 & 0 & 0 & 0 & 0 & 0 & 0 & 0 & 0 & 0 & 0 & 1\\end{smallmatrix}\\right]$"
      ],
      "text/plain": [
       "<IPython.core.display.Markdown object>"
      ]
     },
     "metadata": {},
     "output_type": "display_data"
    },
    {
     "data": {
      "text/markdown": [
       "$(P^-1 \\times M)^-1 $ = $\\left[\\begin{smallmatrix}1 & -1 & 1 & -1 & 1 & -1 & 1 & -1 & 1 & -1 & 1 & -1 & 1 & -1 & 1 & -1 & 1 & -1 & 1 & -1 & 1 & -1 & 1 & -1\\\\0 & 1 & 1 & 7 & 34 & 202 & 1254 & 8156 & 54730 & 376294 & 2637005 & 18766787 & 135266105 & 985411271 & 7244093793 & 53671181502 & 400357533352 & 3004308169785 & 22663791640786 & 171776158487220 & 1307448634372083 & 9989368793154120 & 76585856202166660 & 589009608929031512\\\\0 & 0 & 1 & 3 & 17 & 97 & 603 & 3909 & 26192 & 179868 & 1259372 & 8956350 & 64518922 & 469802894 & 3452350076 & 25569940308 & 190684002886 & 1430554558894 & 10789448725584 & 81761169760296 & 622207704350189 & 4753165618358123 & 36436286737609961 & 280190967992772075\\\\0 & 0 & 0 & 1 & 5 & 31 & 196 & 1292 & 8752 & 60601 & 427007 & 3052105 & 22076605 & 161299271 & 1188693817 & 8825543275 & 65953507931 & 495704732902 & 3744700436097 & 28417417425810 & 216533896735557 & 1656036736242692 & 12707771115953677 & 97812892569322607\\\\0 & 0 & 0 & 0 & 1 & 7 & 49 & 339 & 2373 & 16811 & 120483 & 872525 & 6377211 & 46990381 & 348736763 & 2604600069 & 19562967536 & 147679008328 & 1119876600188 & 8527012443016 & 65167750234260 & 499727291997668 & 3843894833309822 & 29650836037027938\\\\0 & 0 & 0 & 0 & 0 & 1 & 9 & 71 & 534 & 3966 & 29386 & 218154 & 1625376 & 12161304 & 91389161 & 689684887 & 5225849653 & 39747028912 & 303376301438 & 2323156978477 & 17844003237924 & 137444469891101 & 1061440588064214 & 8217076609844136\\\\0 & 0 & 0 & 0 & 0 & 0 & 1 & 11 & 97 & 789 & 6207 & 48081 & 369818 & 2836354 & 21740702 & 166751044 & 1280691788 & 9852873340 & 75945760737 & 586540934883 & 4538893498023 & 35191993620999 & 273372692072199 & 2127420237757065\\\\0 & 0 & 0 & 0 & 0 & 0 & 0 & 1 & 13 & 127 & 1112 & 9248 & 74836 & 596303 & 4708957 & 36992451 & 289749321 & 2266077323 & 17712086757 & 138442046658 & 1082531331218 & 8470302694175 & 66330842671751 & 519918601902896\\\\0 & 0 & 0 & 0 & 0 & 0 & 0 & 0 & 1 & 15 & 161 & 1511 & 13257 & 111959 & 923861 & 7511979 & 60494277 & 484047739 & 3856541173 & 30638503819 & 242956653667 & 1924358139229 & 15231968840763 & 120530182821781\\\\0 & 0 & 0 & 0 & 0 & 0 & 0 & 0 & 0 & 1 & 17 & 199 & 1994 & 18418 & 162158 & 1385032 & 11593958 & 95717434 & 782556757 & 6353392763 & 51320924161 & 413024585693 & 3314982656047 & 26553936573464\\\\0 & 0 & 0 & 0 & 0 & 0 & 0 & 0 & 0 & 0 & 1 & 19 & 241 & 2569 & 24931 & 228573 & 2019572 & 17399608 & 147256672 & 1230234058 & 10179679342 & 83626506058 & 683224848922 & 5558340227678\\\\0 & 0 & 0 & 0 & 0 & 0 & 0 & 0 & 0 & 0 & 0 & 1 & 21 & 287 & 3244 & 33012 & 314808 & 2875445 & 25488363 & 221101805 & 1887522053 & 15919694143 & 133024958529 & 1103512150861\\\\0 & 0 & 0 & 0 & 0 & 0 & 0 & 0 & 0 & 0 & 0 & 0 & 1 & 23 & 337 & 4027 & 42893 & 424963 & 4009879 & 36555161 & 324955615 & 2834525097 & 24368573103 & 207136505937\\\\0 & 0 & 0 & 0 & 0 & 0 & 0 & 0 & 0 & 0 & 0 & 0 & 0 & 1 & 25 & 391 & 4926 & 54822 & 563666 & 5490486 & 51453596 & 468603084 & 4176039633 & 36593937199\\\\0 & 0 & 0 & 0 & 0 & 0 & 0 & 0 & 0 & 0 & 0 & 0 & 0 & 0 & 1 & 27 & 449 & 5949 & 69063 & 736105 & 7396446 & 71221566 & 664337202 & 6047561488\\\\0 & 0 & 0 & 0 & 0 & 0 & 0 & 0 & 0 & 0 & 0 & 0 & 0 & 0 & 0 & 1 & 29 & 511 & 7104 & 85896 & 948060 & 9819755 & 97109545 & 927446855\\\\0 & 0 & 0 & 0 & 0 & 0 & 0 & 0 & 0 & 0 & 0 & 0 & 0 & 0 & 0 & 0 & 1 & 31 & 577 & 8399 & 105617 & 1205935 & 12866537 & 130611607\\\\0 & 0 & 0 & 0 & 0 & 0 & 0 & 0 & 0 & 0 & 0 & 0 & 0 & 0 & 0 & 0 & 0 & 1 & 33 & 647 & 9842 & 128538 & 1516790 & 16658420\\\\0 & 0 & 0 & 0 & 0 & 0 & 0 & 0 & 0 & 0 & 0 & 0 & 0 & 0 & 0 & 0 & 0 & 0 & 1 & 35 & 721 & 11441 & 154987 & 1888373\\\\0 & 0 & 0 & 0 & 0 & 0 & 0 & 0 & 0 & 0 & 0 & 0 & 0 & 0 & 0 & 0 & 0 & 0 & 0 & 1 & 37 & 799 & 13204 & 185308\\\\0 & 0 & 0 & 0 & 0 & 0 & 0 & 0 & 0 & 0 & 0 & 0 & 0 & 0 & 0 & 0 & 0 & 0 & 0 & 0 & 1 & 39 & 881 & 15139\\\\0 & 0 & 0 & 0 & 0 & 0 & 0 & 0 & 0 & 0 & 0 & 0 & 0 & 0 & 0 & 0 & 0 & 0 & 0 & 0 & 0 & 1 & 41 & 967\\\\0 & 0 & 0 & 0 & 0 & 0 & 0 & 0 & 0 & 0 & 0 & 0 & 0 & 0 & 0 & 0 & 0 & 0 & 0 & 0 & 0 & 0 & 1 & 43\\\\0 & 0 & 0 & 0 & 0 & 0 & 0 & 0 & 0 & 0 & 0 & 0 & 0 & 0 & 0 & 0 & 0 & 0 & 0 & 0 & 0 & 0 & 0 & 1\\end{smallmatrix}\\right]$"
      ],
      "text/plain": [
       "<IPython.core.display.Markdown object>"
      ]
     },
     "metadata": {},
     "output_type": "display_data"
    },
    {
     "data": {
      "text/markdown": [
       "$P^-1 \\times M \\times P^T $ = $\\left[\\begin{smallmatrix}1 & 2 & 1 & -2 & -8 & -19 & -38 & -67 & -101 & -116 & -52 & 199 & 772 & 1717 & 2693 & 2303 & -3171 & -21947 & -70175 & -176853 & -390108 & -784112 & -1465474 & -2579564\\\\0 & 1 & 1 & -4 & -15 & -32 & -52 & -61 & -13 & 208 & 833 & 2212 & 4656 & 7891 & 9800 & 4156 & -22524 & -93500 & -238953 & -476615 & -754142 & -817302 & 43973 & 3412675\\\\0 & 0 & 1 & 0 & -8 & -20 & -22 & 19 & 173 & 574 & 1420 & 2830 & 4305 & 3388 & -6869 & -41399 & -125236 & -286939 & -526608 & -727807 & -469795 & 1294879 & 6651290 & 18921071\\\\0 & 0 & 0 & 1 & -1 & -11 & -18 & 11 & 130 & 399 & 814 & 1052 & -225 & -6804 & -26970 & -74354 & -161483 & -271690 & -283262 & 188335 & 2043792 & 6953142 & 17198748 & 34006289\\\\0 & 0 & 0 & 0 & 1 & -2 & -13 & -10 & 57 & 231 & 455 & 361 & -1180 & -6777 & -20833 & -46594 & -72357 & -32116 & 278631 & 1335133 & 3985625 & 9212900 & 16738327 & 20798309\\\\0 & 0 & 0 & 0 & 0 & 1 & -3 & -14 & 3 & 107 & 285 & 265 & -748 & -4299 & -12208 & -23071 & -20214 & 57511 & 365359 & 1189163 & 2819521 & 4851802 & 4053471 & -10503187\\\\0 & 0 & 0 & 0 & 0 & 0 & 1 & -4 & -14 & 20 & 153 & 267 & -177 & -2224 & -6797 & -11925 & -4744 & 55444 & 258611 & 729012 & 1434684 & 1496009 & -2538204 & -19803506\\\\0 & 0 & 0 & 0 & 0 & 0 & 0 & 1 & -5 & -13 & 40 & 188 & 163 & -822 & -3638 & -7180 & -3218 & 32878 & 150000 & 396151 & 663346 & 200745 & -3442162 & -15826600\\\\0 & 0 & 0 & 0 & 0 & 0 & 0 & 0 & 1 & -6 & -11 & 62 & 206 & -31 & -1580 & -4515 & -4350 & 13864 & 78723 & 212259 & 327780 & -66376 & -2444343 & -9774904\\\\0 & 0 & 0 & 0 & 0 & 0 & 0 & 0 & 0 & 1 & -7 & -8 & 85 & 202 & -310 & -2333 & -4411 & 2155 & 36396 & 114918 & 189057 & -27699 & -1370256 & -5392263\\\\0 & 0 & 0 & 0 & 0 & 0 & 0 & 0 & 0 & 0 & 1 & -8 & -4 & 108 & 172 & -661 & -2947 & -2974 & 12043 & 59020 & 121251 & 44020 & -644249 & -2804606\\\\0 & 0 & 0 & 0 & 0 & 0 & 0 & 0 & 0 & 0 & 0 & 1 & -9 & 1 & 130 & 113 & -1064 & -3283 & 10 & 24253 & 74772 & 80061 & -227832 & -1374483\\\\0 & 0 & 0 & 0 & 0 & 0 & 0 & 0 & 0 & 0 & 0 & 0 & 1 & -10 & 7 & 150 & 23 & -1493 & -3207 & 4585 & 37025 & 76139 & -19238 & -592018\\\\0 & 0 & 0 & 0 & 0 & 0 & 0 & 0 & 0 & 0 & 0 & 0 & 0 & 1 & -11 & 14 & 167 & -99 & -1917 & -2599 & 10606 & 48038 & 56213 & -176579\\\\0 & 0 & 0 & 0 & 0 & 0 & 0 & 0 & 0 & 0 & 0 & 0 & 0 & 0 & 1 & -12 & 22 & 180 & -253 & -2301 & -1361 & 17732 & 54600 & 9829\\\\0 & 0 & 0 & 0 & 0 & 0 & 0 & 0 & 0 & 0 & 0 & 0 & 0 & 0 & 0 & 1 & -13 & 31 & 188 & -438 & -2607 & 576 & 25430 & 53875\\\\0 & 0 & 0 & 0 & 0 & 0 & 0 & 0 & 0 & 0 & 0 & 0 & 0 & 0 & 0 & 0 & 1 & -14 & 41 & 190 & -652 & -2795 & 3246 & 32989\\\\0 & 0 & 0 & 0 & 0 & 0 & 0 & 0 & 0 & 0 & 0 & 0 & 0 & 0 & 0 & 0 & 0 & 1 & -15 & 52 & 185 & -892 & -2824 & 6643\\\\0 & 0 & 0 & 0 & 0 & 0 & 0 & 0 & 0 & 0 & 0 & 0 & 0 & 0 & 0 & 0 & 0 & 0 & 1 & -16 & 64 & 172 & -1154 & -2653\\\\0 & 0 & 0 & 0 & 0 & 0 & 0 & 0 & 0 & 0 & 0 & 0 & 0 & 0 & 0 & 0 & 0 & 0 & 0 & 1 & -17 & 77 & 150 & -1433\\\\0 & 0 & 0 & 0 & 0 & 0 & 0 & 0 & 0 & 0 & 0 & 0 & 0 & 0 & 0 & 0 & 0 & 0 & 0 & 0 & 1 & -18 & 91 & 118\\\\0 & 0 & 0 & 0 & 0 & 0 & 0 & 0 & 0 & 0 & 0 & 0 & 0 & 0 & 0 & 0 & 0 & 0 & 0 & 0 & 0 & 1 & -19 & 106\\\\0 & 0 & 0 & 0 & 0 & 0 & 0 & 0 & 0 & 0 & 0 & 0 & 0 & 0 & 0 & 0 & 0 & 0 & 0 & 0 & 0 & 0 & 1 & -20\\\\0 & 0 & 0 & 0 & 0 & 0 & 0 & 0 & 0 & 0 & 0 & 0 & 0 & 0 & 0 & 0 & 0 & 0 & 0 & 0 & 0 & 0 & 0 & 1\\end{smallmatrix}\\right]$"
      ],
      "text/plain": [
       "<IPython.core.display.Markdown object>"
      ]
     },
     "metadata": {},
     "output_type": "display_data"
    },
    {
     "data": {
      "text/markdown": [
       "$(P^-1 \\times M \\times P^T )^-1$ = $\\left[\\begin{smallmatrix}1 & -2 & 1 & -6 & -20 & -131 & -805 & -5262 & -35365 & -243507 & -1708302 & -12168009 & -87765486 & -639742676 & -4705274483 & -34875784525 & -260248334575 & -1953536338284 & -14741110117126 & -111755125833992 & -850794509660649 & -6501653929227947 & -49855356528535712 & -383491665589865103\\\\0 & 1 & -1 & 4 & 11 & 78 & 479 & 3154 & 21281 & 146991 & 1033677 & 7376846 & 53290755 & 388951583 & 2863843507 & 21246799017 & 158674726042 & 1191919909011 & 8999637474025 & 68265480938637 & 519962169063791 & 3975233521928411 & 30494663386317039 & 234652515028920118\\\\0 & 0 & 1 & 0 & 8 & 36 & 234 & 1501 & 10044 & 68823 & 481083 & 3416596 & 24583495 & 178830338 & 1313014304 & 9717668237 & 72420937070 & 543006202036 & 4093338682850 & 31004652574683 & 235850251235052 & 1801034869406721 & 13801497903579722 & 106099172175469094\\\\0 & 0 & 0 & 1 & 1 & 13 & 70 & 461 & 3059 & 20926 & 146007 & 1035590 & 7443850 & 54106021 & 396999072 & 2936613371 & 21875154007 & 163954552373 & 1235524939623 & 9355667855944 & 71149830999333 & 543202939023868 & 4161783078619938 & 31988033261344352\\\\0 & 0 & 0 & 0 & 1 & 2 & 19 & 114 & 773 & 5295 & 37076 & 263646 & 1899262 & 13830478 & 101641286 & 752875839 & 5614975647 & 42128693868 & 317769218294 & 2408225826382 & 18328263934593 & 140024140231437 & 1073461023318688 & 8255373458411634\\\\0 & 0 & 0 & 0 & 0 & 1 & 3 & 26 & 169 & 1185 & 8370 & 60008 & 435054 & 3184784 & 23508123 & 174777232 & 1307655341 & 9838370962 & 74388705429 & 564961534565 & 4307909113304 & 32967415901184 & 253122827843716 & 1949312988950672\\\\0 & 0 & 0 & 0 & 0 & 0 & 1 & 4 & 34 & 236 & 1713 & 12465 & 91498 & 676405 & 5033112 & 37671465 & 283453975 & 2143000829 & 16271764889 & 124035624538 & 948867826409 & 7282472337319 & 56059328478750 & 432721534826192\\\\0 & 0 & 0 & 0 & 0 & 0 & 0 & 1 & 5 & 43 & 316 & 2374 & 17782 & 133609 & 1007121 & 7618314 & 57831560 & 440506906 & 3366285567 & 25803513972 & 198359805680 & 1528954895006 & 11814765432052 & 91510961117088\\\\0 & 0 & 0 & 0 & 0 & 0 & 0 & 0 & 1 & 6 & 53 & 410 & 3186 & 24545 & 188717 & 1450290 & 11152950 & 85876761 & 662302135 & 5116858013 & 39604691198 & 307106679457 & 2385716413348 & 18565793127455\\\\0 & 0 & 0 & 0 & 0 & 0 & 0 & 0 & 0 & 1 & 7 & 64 & 519 & 4168 & 33001 & 259538 & 2033115 & 15894026 & 124141936 & 969475486 & 7573480450 & 59200839813 & 463147188920 & 3626785800767\\\\0 & 0 & 0 & 0 & 0 & 0 & 0 & 0 & 0 & 0 & 1 & 8 & 76 & 644 & 5340 & 43421 & 349156 & 2787395 & 22149558 & 175486738 & 1387787167 & 10963106644 & 86558184166 & 683296511488\\\\0 & 0 & 0 & 0 & 0 & 0 & 0 & 0 & 0 & 0 & 0 & 1 & 9 & 89 & 786 & 6723 & 56101 & 461052 & 3750039 & 30285783 & 243383723 & 1949105200 & 15571181092 & 124186578464\\\\0 & 0 & 0 & 0 & 0 & 0 & 0 & 0 & 0 & 0 & 0 & 0 & 1 & 10 & 103 & 946 & 8339 & 71363 & 599134 & 4963614 & 40735055 & 332017154 & 2692531703 & 21753660601\\\\0 & 0 & 0 & 0 & 0 & 0 & 0 & 0 & 0 & 0 & 0 & 0 & 0 & 1 & 11 & 118 & 1125 & 10211 & 89556 & 767768 & 6476928 & 54004465 & 446393372 & 3665687170\\\\0 & 0 & 0 & 0 & 0 & 0 & 0 & 0 & 0 & 0 & 0 & 0 & 0 & 0 & 1 & 12 & 134 & 1324 & 12363 & 111057 & 971810 & 8345649 & 70685225 & 592463659\\\\0 & 0 & 0 & 0 & 0 & 0 & 0 & 0 & 0 & 0 & 0 & 0 & 0 & 0 & 0 & 1 & 13 & 151 & 1544 & 14820 & 136272 & 1216639 & 10632961 & 91462857\\\\0 & 0 & 0 & 0 & 0 & 0 & 0 & 0 & 0 & 0 & 0 & 0 & 0 & 0 & 0 & 0 & 1 & 14 & 169 & 1786 & 17608 & 165637 & 1508191 & 13410258\\\\0 & 0 & 0 & 0 & 0 & 0 & 0 & 0 & 0 & 0 & 0 & 0 & 0 & 0 & 0 & 0 & 0 & 1 & 15 & 188 & 2051 & 20754 & 199619 & 1852994\\\\0 & 0 & 0 & 0 & 0 & 0 & 0 & 0 & 0 & 0 & 0 & 0 & 0 & 0 & 0 & 0 & 0 & 0 & 1 & 16 & 208 & 2340 & 24286 & 238717\\\\0 & 0 & 0 & 0 & 0 & 0 & 0 & 0 & 0 & 0 & 0 & 0 & 0 & 0 & 0 & 0 & 0 & 0 & 0 & 1 & 17 & 229 & 2654 & 28233\\\\0 & 0 & 0 & 0 & 0 & 0 & 0 & 0 & 0 & 0 & 0 & 0 & 0 & 0 & 0 & 0 & 0 & 0 & 0 & 0 & 1 & 18 & 251 & 2994\\\\0 & 0 & 0 & 0 & 0 & 0 & 0 & 0 & 0 & 0 & 0 & 0 & 0 & 0 & 0 & 0 & 0 & 0 & 0 & 0 & 0 & 1 & 19 & 274\\\\0 & 0 & 0 & 0 & 0 & 0 & 0 & 0 & 0 & 0 & 0 & 0 & 0 & 0 & 0 & 0 & 0 & 0 & 0 & 0 & 0 & 0 & 1 & 20\\\\0 & 0 & 0 & 0 & 0 & 0 & 0 & 0 & 0 & 0 & 0 & 0 & 0 & 0 & 0 & 0 & 0 & 0 & 0 & 0 & 0 & 0 & 0 & 1\\end{smallmatrix}\\right]$"
      ],
      "text/plain": [
       "<IPython.core.display.Markdown object>"
      ]
     },
     "metadata": {},
     "output_type": "display_data"
    }
   ],
   "source": [
    "# computing the example from the video with s^1 in the first row\n",
    "trialExample(expression = \"1+q-2*q**2-q**4+2*q**7-3*q**10+q**15-q**17-2*q**19\", size = 23)"
   ]
  },
  {
   "cell_type": "code",
   "execution_count": 3,
   "id": "48f1fc2a",
   "metadata": {
    "scrolled": false
   },
   "outputs": [
    {
     "data": {
      "text/markdown": [
       "$P^{-1}$ = $\\left[\\begin{smallmatrix}1 & 0 & 0 & 0 & 0 & 0 & 0 & 0 & 0 & 0 & 0 & 0 & 0 & 0 & 0 & 0 & 0 & 0 & 0 & 0 & 0 & 0 & 0 & 0\\\\-1 & 1 & 0 & 0 & 0 & 0 & 0 & 0 & 0 & 0 & 0 & 0 & 0 & 0 & 0 & 0 & 0 & 0 & 0 & 0 & 0 & 0 & 0 & 0\\\\1 & -2 & 1 & 0 & 0 & 0 & 0 & 0 & 0 & 0 & 0 & 0 & 0 & 0 & 0 & 0 & 0 & 0 & 0 & 0 & 0 & 0 & 0 & 0\\\\-1 & 3 & -3 & 1 & 0 & 0 & 0 & 0 & 0 & 0 & 0 & 0 & 0 & 0 & 0 & 0 & 0 & 0 & 0 & 0 & 0 & 0 & 0 & 0\\\\1 & -4 & 6 & -4 & 1 & 0 & 0 & 0 & 0 & 0 & 0 & 0 & 0 & 0 & 0 & 0 & 0 & 0 & 0 & 0 & 0 & 0 & 0 & 0\\\\-1 & 5 & -10 & 10 & -5 & 1 & 0 & 0 & 0 & 0 & 0 & 0 & 0 & 0 & 0 & 0 & 0 & 0 & 0 & 0 & 0 & 0 & 0 & 0\\\\1 & -6 & 15 & -20 & 15 & -6 & 1 & 0 & 0 & 0 & 0 & 0 & 0 & 0 & 0 & 0 & 0 & 0 & 0 & 0 & 0 & 0 & 0 & 0\\\\-1 & 7 & -21 & 35 & -35 & 21 & -7 & 1 & 0 & 0 & 0 & 0 & 0 & 0 & 0 & 0 & 0 & 0 & 0 & 0 & 0 & 0 & 0 & 0\\\\1 & -8 & 28 & -56 & 70 & -56 & 28 & -8 & 1 & 0 & 0 & 0 & 0 & 0 & 0 & 0 & 0 & 0 & 0 & 0 & 0 & 0 & 0 & 0\\\\-1 & 9 & -36 & 84 & -126 & 126 & -84 & 36 & -9 & 1 & 0 & 0 & 0 & 0 & 0 & 0 & 0 & 0 & 0 & 0 & 0 & 0 & 0 & 0\\\\1 & -10 & 45 & -120 & 210 & -252 & 210 & -120 & 45 & -10 & 1 & 0 & 0 & 0 & 0 & 0 & 0 & 0 & 0 & 0 & 0 & 0 & 0 & 0\\\\-1 & 11 & -55 & 165 & -330 & 462 & -462 & 330 & -165 & 55 & -11 & 1 & 0 & 0 & 0 & 0 & 0 & 0 & 0 & 0 & 0 & 0 & 0 & 0\\\\1 & -12 & 66 & -220 & 495 & -792 & 924 & -792 & 495 & -220 & 66 & -12 & 1 & 0 & 0 & 0 & 0 & 0 & 0 & 0 & 0 & 0 & 0 & 0\\\\-1 & 13 & -78 & 286 & -715 & 1287 & -1716 & 1716 & -1287 & 715 & -286 & 78 & -13 & 1 & 0 & 0 & 0 & 0 & 0 & 0 & 0 & 0 & 0 & 0\\\\1 & -14 & 91 & -364 & 1001 & -2002 & 3003 & -3432 & 3003 & -2002 & 1001 & -364 & 91 & -14 & 1 & 0 & 0 & 0 & 0 & 0 & 0 & 0 & 0 & 0\\\\-1 & 15 & -105 & 455 & -1365 & 3003 & -5005 & 6435 & -6435 & 5005 & -3003 & 1365 & -455 & 105 & -15 & 1 & 0 & 0 & 0 & 0 & 0 & 0 & 0 & 0\\\\1 & -16 & 120 & -560 & 1820 & -4368 & 8008 & -11440 & 12870 & -11440 & 8008 & -4368 & 1820 & -560 & 120 & -16 & 1 & 0 & 0 & 0 & 0 & 0 & 0 & 0\\\\-1 & 17 & -136 & 680 & -2380 & 6188 & -12376 & 19448 & -24310 & 24310 & -19448 & 12376 & -6188 & 2380 & -680 & 136 & -17 & 1 & 0 & 0 & 0 & 0 & 0 & 0\\\\1 & -18 & 153 & -816 & 3060 & -8568 & 18564 & -31824 & 43758 & -48620 & 43758 & -31824 & 18564 & -8568 & 3060 & -816 & 153 & -18 & 1 & 0 & 0 & 0 & 0 & 0\\\\-1 & 19 & -171 & 969 & -3876 & 11628 & -27132 & 50388 & -75582 & 92378 & -92378 & 75582 & -50388 & 27132 & -11628 & 3876 & -969 & 171 & -19 & 1 & 0 & 0 & 0 & 0\\\\1 & -20 & 190 & -1140 & 4845 & -15504 & 38760 & -77520 & 125970 & -167960 & 184756 & -167960 & 125970 & -77520 & 38760 & -15504 & 4845 & -1140 & 190 & -20 & 1 & 0 & 0 & 0\\\\-1 & 21 & -210 & 1330 & -5985 & 20349 & -54264 & 116280 & -203490 & 293930 & -352716 & 352716 & -293930 & 203490 & -116280 & 54264 & -20349 & 5985 & -1330 & 210 & -21 & 1 & 0 & 0\\\\1 & -22 & 231 & -1540 & 7315 & -26334 & 74613 & -170544 & 319770 & -497420 & 646646 & -705432 & 646646 & -497420 & 319770 & -170544 & 74613 & -26334 & 7315 & -1540 & 231 & -22 & 1 & 0\\\\-1 & 23 & -253 & 1771 & -8855 & 33649 & -100947 & 245157 & -490314 & 817190 & -1144066 & 1352078 & -1352078 & 1144066 & -817190 & 490314 & -245157 & 100947 & -33649 & 8855 & -1771 & 253 & -23 & 1\\end{smallmatrix}\\right]$"
      ],
      "text/plain": [
       "<IPython.core.display.Markdown object>"
      ]
     },
     "metadata": {},
     "output_type": "display_data"
    },
    {
     "data": {
      "text/markdown": [
       "\n",
       "\n",
       "$P^{T}$ = $\\left[\\begin{smallmatrix}1 & 1 & 1 & 1 & 1 & 1 & 1 & 1 & 1 & 1 & 1 & 1 & 1 & 1 & 1 & 1 & 1 & 1 & 1 & 1 & 1 & 1 & 1 & 1\\\\0 & 1 & 2 & 3 & 4 & 5 & 6 & 7 & 8 & 9 & 10 & 11 & 12 & 13 & 14 & 15 & 16 & 17 & 18 & 19 & 20 & 21 & 22 & 23\\\\0 & 0 & 1 & 3 & 6 & 10 & 15 & 21 & 28 & 36 & 45 & 55 & 66 & 78 & 91 & 105 & 120 & 136 & 153 & 171 & 190 & 210 & 231 & 253\\\\0 & 0 & 0 & 1 & 4 & 10 & 20 & 35 & 56 & 84 & 120 & 165 & 220 & 286 & 364 & 455 & 560 & 680 & 816 & 969 & 1140 & 1330 & 1540 & 1771\\\\0 & 0 & 0 & 0 & 1 & 5 & 15 & 35 & 70 & 126 & 210 & 330 & 495 & 715 & 1001 & 1365 & 1820 & 2380 & 3060 & 3876 & 4845 & 5985 & 7315 & 8855\\\\0 & 0 & 0 & 0 & 0 & 1 & 6 & 21 & 56 & 126 & 252 & 462 & 792 & 1287 & 2002 & 3003 & 4368 & 6188 & 8568 & 11628 & 15504 & 20349 & 26334 & 33649\\\\0 & 0 & 0 & 0 & 0 & 0 & 1 & 7 & 28 & 84 & 210 & 462 & 924 & 1716 & 3003 & 5005 & 8008 & 12376 & 18564 & 27132 & 38760 & 54264 & 74613 & 100947\\\\0 & 0 & 0 & 0 & 0 & 0 & 0 & 1 & 8 & 36 & 120 & 330 & 792 & 1716 & 3432 & 6435 & 11440 & 19448 & 31824 & 50388 & 77520 & 116280 & 170544 & 245157\\\\0 & 0 & 0 & 0 & 0 & 0 & 0 & 0 & 1 & 9 & 45 & 165 & 495 & 1287 & 3003 & 6435 & 12870 & 24310 & 43758 & 75582 & 125970 & 203490 & 319770 & 490314\\\\0 & 0 & 0 & 0 & 0 & 0 & 0 & 0 & 0 & 1 & 10 & 55 & 220 & 715 & 2002 & 5005 & 11440 & 24310 & 48620 & 92378 & 167960 & 293930 & 497420 & 817190\\\\0 & 0 & 0 & 0 & 0 & 0 & 0 & 0 & 0 & 0 & 1 & 11 & 66 & 286 & 1001 & 3003 & 8008 & 19448 & 43758 & 92378 & 184756 & 352716 & 646646 & 1144066\\\\0 & 0 & 0 & 0 & 0 & 0 & 0 & 0 & 0 & 0 & 0 & 1 & 12 & 78 & 364 & 1365 & 4368 & 12376 & 31824 & 75582 & 167960 & 352716 & 705432 & 1352078\\\\0 & 0 & 0 & 0 & 0 & 0 & 0 & 0 & 0 & 0 & 0 & 0 & 1 & 13 & 91 & 455 & 1820 & 6188 & 18564 & 50388 & 125970 & 293930 & 646646 & 1352078\\\\0 & 0 & 0 & 0 & 0 & 0 & 0 & 0 & 0 & 0 & 0 & 0 & 0 & 1 & 14 & 105 & 560 & 2380 & 8568 & 27132 & 77520 & 203490 & 497420 & 1144066\\\\0 & 0 & 0 & 0 & 0 & 0 & 0 & 0 & 0 & 0 & 0 & 0 & 0 & 0 & 1 & 15 & 120 & 680 & 3060 & 11628 & 38760 & 116280 & 319770 & 817190\\\\0 & 0 & 0 & 0 & 0 & 0 & 0 & 0 & 0 & 0 & 0 & 0 & 0 & 0 & 0 & 1 & 16 & 136 & 816 & 3876 & 15504 & 54264 & 170544 & 490314\\\\0 & 0 & 0 & 0 & 0 & 0 & 0 & 0 & 0 & 0 & 0 & 0 & 0 & 0 & 0 & 0 & 1 & 17 & 153 & 969 & 4845 & 20349 & 74613 & 245157\\\\0 & 0 & 0 & 0 & 0 & 0 & 0 & 0 & 0 & 0 & 0 & 0 & 0 & 0 & 0 & 0 & 0 & 1 & 18 & 171 & 1140 & 5985 & 26334 & 100947\\\\0 & 0 & 0 & 0 & 0 & 0 & 0 & 0 & 0 & 0 & 0 & 0 & 0 & 0 & 0 & 0 & 0 & 0 & 1 & 19 & 190 & 1330 & 7315 & 33649\\\\0 & 0 & 0 & 0 & 0 & 0 & 0 & 0 & 0 & 0 & 0 & 0 & 0 & 0 & 0 & 0 & 0 & 0 & 0 & 1 & 20 & 210 & 1540 & 8855\\\\0 & 0 & 0 & 0 & 0 & 0 & 0 & 0 & 0 & 0 & 0 & 0 & 0 & 0 & 0 & 0 & 0 & 0 & 0 & 0 & 1 & 21 & 231 & 1771\\\\0 & 0 & 0 & 0 & 0 & 0 & 0 & 0 & 0 & 0 & 0 & 0 & 0 & 0 & 0 & 0 & 0 & 0 & 0 & 0 & 0 & 1 & 22 & 253\\\\0 & 0 & 0 & 0 & 0 & 0 & 0 & 0 & 0 & 0 & 0 & 0 & 0 & 0 & 0 & 0 & 0 & 0 & 0 & 0 & 0 & 0 & 1 & 23\\\\0 & 0 & 0 & 0 & 0 & 0 & 0 & 0 & 0 & 0 & 0 & 0 & 0 & 0 & 0 & 0 & 0 & 0 & 0 & 0 & 0 & 0 & 0 & 1\\end{smallmatrix}\\right]$"
      ],
      "text/plain": [
       "<IPython.core.display.Markdown object>"
      ]
     },
     "metadata": {},
     "output_type": "display_data"
    },
    {
     "data": {
      "text/markdown": [
       "\n",
       "\n",
       "\n",
       "\n",
       "\n",
       "\n",
       "\n",
       "\n",
       "\n",
       "\n",
       "\n",
       "\n",
       "\n",
       "\n",
       "\n",
       "\n",
       "\n",
       "\n",
       "____________________________\n",
       "Trial number 1:"
      ],
      "text/plain": [
       "<IPython.core.display.Markdown object>"
      ]
     },
     "metadata": {},
     "output_type": "display_data"
    },
    {
     "data": {
      "text/markdown": [
       "Computing for s = $1 + 6 q - 2 q^{2} - 8 q^{3} - 4 q^{4} - 7 q^{10} + 3 q^{13} + 8 q^{19} + O\\left(q^{24}\\right)$"
      ],
      "text/plain": [
       "<IPython.core.display.Markdown object>"
      ]
     },
     "metadata": {},
     "output_type": "display_data"
    },
    {
     "data": {
      "text/markdown": [
